
Starting bootstrap 0
0.8011901725689072
[ 0.29489906  0.3421051   0.37691883  0.49370002 -0.32817502 -0.15558289
  0.04466095 -0.17160012  0.13903533  0.02337552  0.13105354]
Starting bootstrap 1
0.7998361831022547
[ 0.29652306  0.31690518  0.50355403  0.51780061 -0.2254863  -0.12266381
  0.05538388 -0.11736871  0.04837456  0.06377606  0.10285283]
Starting bootstrap 2
0.7996127964235109
[ 0.30261044  0.31832848  0.42170107  0.48543832 -0.22264547 -0.20259437
  0.05487079 -0.16698349  0.08159156  0.02142394  0.12424819]
Starting bootstrap 3
0.7991548717181313
[ 0.34083031  0.30440805  0.44986178  0.43362298 -0.27857342 -0.12086324
  0.42430015 -0.15271872  0.08660181  0.04104049  0.08739938]
Starting bootstrap 4
0.8004480683527266
[ 0.28942869  0.31234227  0.43467635  0.51833383 -0.37567747 -0.15496448
  0.07991578 -0.08300009  0.0878      0.06081856  0.0492624 ]
Starting bootstrap 5
0.7977199450490353
[ 0.31136118  0.30344141  0.4420106   0.45525639 -0.29122927 -0.19032647
  0.11237449 -0.26634968  0.15653426  0.04634232  0.18722246]
Starting bootstrap 6
0.7998289886842597
[ 0.31587636  0.31048202  0.44307079  0.55568537 -0.19068588 -0.06959382
  0.28297016 -0.04267142  0.07242783  0.04061     0.11400092]
Starting bootstrap 7
0.8020030218953718
[ 0.32218539  0.32795413  0.3189326   0.4523513  -0.33228358 -0.15846232
  0.05961474 -0.11410666  0.07068714  0.05976092  0.10106549]
Starting bootstrap 8
0.7994065564409885
[ 0.29365813  0.31365509  0.47221406  0.45386041 -0.36063521 -0.16411834
  0.04393972 -0.11475729  0.0202371   0.03366581  0.01508315]
Starting bootstrap 9
0.7978697088502973
[ 0.26901585  0.35406417  0.47037246  0.46230392 -0.25349476 -0.21311027
  0.05010844 -0.21746625  0.10206231  0.07044464  0.18286592]
Starting bootstrap 10
0.7978547204794745
[ 0.35636547  0.27543491  0.35430109  0.46598661 -0.27857602 -0.1474978
-0.20899169 -0.17734664  0.06541059  0.06686617  0.13862638]
Starting bootstrap 11
0.7975882871997275
[ 0.26815084  0.33386564  0.44911749  0.5161427  -0.38080502 -0.21258703
0.08565247 -0.22109771  0.1612822   0.01926791  0.09218408]
Starting bootstrap 12
0.8007822490685925
[ 0.34698048  0.29672659  0.35600432  0.53274669 -0.26362707 -0.1288555
0.2828493  -0.12224098  0.13213522  0.07260685  0.17678615]
Starting bootstrap 13
0.795104294479999
[ 0.32891444  0.32912182  0.47022464  0.44097511 -0.31584983 -0.20086055
-0.52303515 -0.21777566  0.16293359  0.07131911  0.16198972]
Starting bootstrap 14
0.7982025705895309
[ 0.33071796  0.32121909  0.4644239   0.45293143 -0.24296298 -0.16959138
0.20922381 -0.18999518  0.10726291  0.0533466   0.09839194]
Starting bootstrap 15
0.8003218063169149
[ 0.31049115  0.32075137  0.42170524  0.56519128 -0.26552422 -0.12858354
0.10600867 -0.15651163  0.06113244  0.05687415  0.08026624]
Starting bootstrap 16
0.7992679439876189
[ 0.32792756  0.33798254  0.50048587  0.44584888 -0.28103481 -0.11203664
0.05988706 -0.18549042  0.11846803  0.04116576  0.11770134]
Starting bootstrap 17
0.7996442120487557
[ 0.27786975  0.32490902  0.44121454  0.41592228 -0.26969826 -0.17258705
0.04930817 -0.0856355   0.06568935  0.03903958  0.01727334]
Starting bootstrap 18
0.7995328184768002
[ 0.33451158  0.35294552  0.4111835   0.50692122 -0.26662001 -0.11315723
0.32884757 -0.16685097  0.23146568  0.07078722  0.1628224 ]
Starting bootstrap 19
0.8009497591009087
[ 0.28843328  0.30977816  0.43448659  0.49387439 -0.25130654 -0.10068113
-0.04674274 -0.11550418  0.06196342  0.02569129  0.06212829]
Starting bootstrap 20
0.7995055995953859
[ 0.3228793   0.28492455  0.43790407  0.50960428 -0.20919033 -0.12906987
0.11774157 -0.1753059   0.11899204  0.06279762  0.15104423]
Starting bootstrap 21
0.7996777859993988
[ 0.31951682  0.31260339  0.38255764  0.47808806 -0.30602086 -0.20693294
0.0879878  -0.1924313   0.1629924   0.0458735   0.17568771]
Starting bootstrap 22
0.8002707259491504
[ 0.30220293  0.31617047  0.43195533  0.47039429 -0.23915324 -0.17198132
0.05660517 -0.12585051  0.07509296  0.05160605  0.12547121]
Starting bootstrap 23
0.7996274250734341
[ 0.31025339  0.32896086  0.46038131  0.44605577 -0.28130848 -0.18662782
0.05150202 -0.11916365  0.07591536  0.07152866  0.05661609]
Starting bootstrap 24
0.7999764742531565
[ 0.30358607  0.31667447  0.43686868  0.46830763 -0.30682329 -0.15615504
0.0457103  -0.13513502  0.16160789  0.02240834  0.08320445]
Starting bootstrap 25
0.800205376652363
[ 0.2755686   0.31924525  0.40038924  0.45951075 -0.34320758 -0.14124089
0.02183175 -0.13262023  0.08152695  0.05971124  0.        ]
Starting bootstrap 26
0.80049531169756
[ 0.30176223  0.30824053  0.40246407  0.46591128 -0.33024696 -0.12611327
0.01641134 -0.1878377   0.13506386  0.06106593  0.07975648]
Starting bootstrap 27
0.7991693804610878
[ 0.30128528  0.29904574  0.44311233  0.50077505 -0.2970133  -0.1140033
0.21315848 -0.12370598  0.15616911  0.06769593  0.13420843]
Starting bootstrap 28
0.8013179933952845
[ 0.32363663  0.29769175  0.39513884  0.47146868 -0.30046389 -0.11879242
0.04386236 -0.16389215  0.07209837  0.05843705  0.09627807]
Starting bootstrap 29
0.799250077849598
[ 0.30418552  0.31460092  0.44856016  0.47164616 -0.26753161 -0.16258285
0.13026177 -0.15710369  0.04481212  0.05301392  0.12804807]
Starting bootstrap 30
0.7991974386912682
[ 0.30355952  0.34394506  0.47484607  0.43369456 -0.2149034  -0.18660573
0.03736201 -0.11080537  0.07460456  0.05830068  0.12777777]
Starting bootstrap 31
0.7999321086755207
[ 0.26126151  0.39127802  0.42791466  0.53642424 -0.24701343 -0.13770339
0.06577763 -0.1932843   0.17105943  0.05247107  0.18538395]
Starting bootstrap 32
0.7993205831459487
[ 0.32200414  0.32359907  0.39423429  0.55950236 -0.28644224 -0.21386079
0.18691129 -0.18054912  0.14263872  0.03319623  0.19157011]
Starting bootstrap 33
0.801262116748857
[ 0.32266503  0.28264692  0.42873038  0.47727592 -0.24194506 -0.11062159
0.04378757 -0.08986481  0.02089619  0.02599186  0.0782111 ]
Starting bootstrap 34
0.7983050910459593
[ 0.2854366   0.30082523  0.48549581  0.50546268 -0.20960794 -0.13608444
0.15734716 -0.15677492  0.11745509  0.02296701  0.11083314]
Starting bootstrap 35
0.7992341302230426
[ 0.27019639  0.3404435   0.43557461  0.48562703 -0.27098661 -0.14346195
0.36984425 -0.14330578  0.06704666  0.03669409  0.12087241]
Starting bootstrap 36
0.8017321520578613
[ 0.28306394  0.36051326  0.40949292  0.50109154 -0.31979683 -0.15080237
0.040135   -0.06563509  0.06558511  0.05350945  0.0368049 ]
Starting bootstrap 37
0.7969310771158874
[ 0.25746657  0.31783011  0.45369175  0.40069105 -0.37053757 -0.19771216
0.0602607  -0.19412296  0.07625204  0.03786978  0.09598403]
Starting bootstrap 38
0.7985872321383285
[ 0.24904397  0.33655782  0.47198671  0.51077451 -0.30440175 -0.15657252
0.05870207 -0.20301793  0.11709719  0.02587297  0.20712215]
Starting bootstrap 39
0.7976469217063864
[ 0.28127775  0.32072774  0.4481198   0.46769628 -0.2604201  -0.17554251
0.09947874 -0.26990442  0.1397825   0.05852392  0.22936718]
Starting bootstrap 40
0.8008395645986194
[ 0.32155123  0.29793968  0.36095277  0.46403486 -0.3231763  -0.14958137
0.01415861 -0.20842166  0.13322158  0.02041032  0.14491795]
Starting bootstrap 41
0.7965139207791457
[ 0.30216732  0.3129607   0.42820563  0.5530928  -0.26460471 -0.16351303
-0.63692227 -0.20484797  0.09894665  0.00492773  0.14533643]
Starting bootstrap 42
0.7972889994111368
[ 0.29698541  0.33954776  0.43033394  0.50392507 -0.25439993 -0.12223101
-0.30919619 -0.20522294  0.12838203  0.0526659   0.18359652]
Starting bootstrap 43
0.798437947964933
[ 0.32402054  0.35033151  0.46968018  0.48117394 -0.26847131 -0.14771737
0.53102813 -0.20847376  0.05961223  0.02684016  0.14202354]
Starting bootstrap 44
0.8002208446510521
[ 0.29640529  0.38800179  0.43951273  0.53287971 -0.25998455 -0.12396057
0.17288316 -0.12694312  0.0809843  -0.004805    0.06995742]
Starting bootstrap 45
0.7974039901920899
[ 0.29721328  0.31568155  0.49592196  0.47228713 -0.23111918 -0.18647874
0.06065675 -0.23879276  0.13484964 -0.00306526  0.17493895]
Starting bootstrap 46
0.7978114340645379
[ 0.29654641  0.35799581  0.41949149  0.47418667 -0.30110712 -0.16863914
0.29581947 -0.27556384  0.18407659  0.06198185  0.1832644 ]
Starting bootstrap 47
0.7985750016277371
[ 0.31839481  0.33135294  0.43618404  0.51395026 -0.281969   -0.1509715
0.38561588 -0.24606919  0.15742592  0.03608581  0.23255604]
Starting bootstrap 48
0.7968176451255
[ 0.35222877  0.30249244  0.48425759  0.52916125 -0.25545956 -0.20440031
0.22173552 -0.29927319  0.14097589  0.06492598  0.26245069]
Starting bootstrap 49
0.7997937360360843
[ 0.30660551  0.3270081   0.43205806  0.45099591 -0.33432917 -0.13774262
0.01549276 -0.19906726  0.06864562  0.00819984  0.08025683]
Starting bootstrap 50
0.7994466053678272
[ 0.30873213  0.33928588  0.38448475  0.55821717 -0.36287091 -0.15196232
0.2624271  -0.22668919  0.17314962  0.08857946  0.17911916]
Starting bootstrap 51
0.7993962444418624
[ 0.27272928  0.32364939  0.41692411  0.48922052 -0.34837419 -0.1715369
0.06662375 -0.2038739   0.13696161  0.07655489  0.12232893]
Starting bootstrap 52
0.7999102856076028
[ 0.31057976  0.37650076  0.45163198  0.50527343 -0.25715218 -0.13331092
0.3574414  -0.1336002   0.12942899  0.06133438  0.12521433]
Starting bootstrap 53
0.8002054965593294
[ 0.3143403   0.33966902  0.42921431  0.40348213 -0.29165048 -0.14872428
0.02869485 -0.08831203  0.          0.00890481  0.        ]
Starting bootstrap 54
0.7974646631171806
[ 0.31231464  0.3339903   0.47530331  0.45704659 -0.25896628 -0.15575529
0.26698418 -0.24533197  0.11276051  0.024113    0.15798956]
Starting bootstrap 55
0.799339168725769
[ 0.28804687  0.32872269  0.4413408   0.47797035 -0.25201634 -0.15666118
0.37667646 -0.12171207  0.07827131  0.05602157  0.10159935]
Starting bootstrap 56
0.7968540968433412
[ 0.32529446  0.29430428  0.47813457  0.4829847  -0.24243949 -0.17671229
0.23679499 -0.2479106   0.17486844  0.07590981  0.26044894]
Starting bootstrap 57
0.7983868675971688
[ 0.31750314  0.32733125  0.45835722  0.48520641 -0.2771557  -0.1734046
0.23902398 -0.2210979   0.12273546  0.05154303  0.1548785 ]
Starting bootstrap 58
0.7989872417788486
[ 0.33578624  0.35901596  0.45850623  0.48940859 -0.33264432 -0.16331366
0.19484518 -0.15102707  0.1130509  -0.03087969  0.05718146]
Starting bootstrap 59
0.7993643491887513
[ 0.30727946  0.28980434  0.43758707  0.43863943 -0.31489994 -0.13486066
0.06889714 -0.16756438  0.13207878  0.05639756  0.16929951]
Starting bootstrap 60
0.7968771189809251
[ 0.28434468  0.32081738  0.38799253  0.49024638 -0.27703744 -0.18406983
-0.33682044 -0.12794896  0.0575097   0.07770172  0.18852263]
Starting bootstrap 61
0.801166071268624
[ 0.30111866  0.30308042  0.39049329  0.40638265 -0.33325083 -0.12798183
0.03035348 -0.03920672  0.04008545  0.04980317  0.        ]
Starting bootstrap 62
0.7969718454845256
[ 0.28889861  0.32593729  0.47777306  0.48242557 -0.21862874 -0.12644057
0.08581747 -0.28405055  0.19340861  0.08593262  0.16914088]
Starting bootstrap 63
0.801618720067474
[ 0.3417851   0.35698963  0.41615373  0.51229131 -0.24027584 -0.16133043
0.03489219 -0.14288694  0.08857568  0.06375136  0.13966141]
Starting bootstrap 64
0.7985742821859375
[ 0.30011356  0.28727403  0.44451979  0.44373026 -0.35084219 -0.14231157
0.06081938 -0.20354588  0.11500837  0.04092225  0.05465653]
Starting bootstrap 65
0.7979083188935369
[ 0.28920581  0.31473763  0.49459399  0.43045092 -0.32722185 -0.16355143
0.06649865 -0.19176715  0.08128779  0.0078161   0.11986052]
Starting bootstrap 66
0.8002831962736752
[ 0.29369943  0.33335781  0.42548439  0.54175114 -0.2408859  -0.11501915
0.09708533 -0.18192737  0.11633118  0.0371668   0.16597012]
Starting bootstrap 67
0.7972308445323442
[ 0.30459512  0.29492126  0.44300843  0.44981969 -0.30228574 -0.18279663
0.20897562 -0.24562007  0.12419822  0.0320671   0.15370991]
Starting bootstrap 68
0.7939792074125527
[ 0.27267298  0.34015323  0.49384059  0.48000315 -0.2217207  -0.1977378
-0.23997438 -0.21307663  0.18525697  0.01107897  0.19130814]
Starting bootstrap 69
0.7970484660361717
[ 0.30009979  0.30118895  0.50707313  0.49183283 -0.1805689  -0.16324775
0.11916457 -0.22077698  0.15887736  0.03285449  0.19016977]
Starting bootstrap 70
0.7996946928816869
[ 0.37243828  0.45527836  0.46782022  0.54972616 -0.21424771 -0.17396881
0.4173368  -0.17207289  0.12825422  0.04207787  0.171915  ]
Starting bootstrap 71
0.7999696395560613
[ 0.33438755  0.32859666  0.41633926  0.49413582 -0.34471606 -0.17825415
0.24800837 -0.11466564  0.05055856  0.07877825  0.0609612 ]
Starting bootstrap 72
0.7990506725641708
[ 0.30067755  0.29653949  0.46629891  0.55163118 -0.24045993 -0.14639204
0.20557515 -0.13047574  0.09024123  0.0530394   0.09683283]
Starting bootstrap 73
0.799601285354719
[ 0.27127512  0.33368482  0.39731494  0.46042347 -0.34797229 -0.18885488
0.02710856 -0.17322808  0.08732889  0.0630421   0.05360935]
Starting bootstrap 74
0.8004637761653489
[ 0.31756847  0.30642383  0.39154263  0.46782841 -0.29786998 -0.18760929
0.05802227 -0.16565754  0.11949366  0.04644489  0.09488253]
Starting bootstrap 75
0.7992639870577216
[ 0.30052583  0.33706367  0.41726178  0.4563739  -0.30613064 -0.17352322
0.03605601 -0.22341014  0.13745569  0.04543285  0.08618622]
Starting bootstrap 76
0.8000674836407928
[ 0.3183042   0.31947881  0.42766563  0.38688982 -0.25465567 -0.1397878
0.02505432 -0.14424637  0.09151068  0.04214894  0.10553768]
Starting bootstrap 77
0.8001285162867835
[ 0.29648022  0.34689376  0.44335047  0.55189829 -0.21904553 -0.12081815
0.17498822 -0.08335406  0.1166111   0.08496486  0.10287538]
Starting bootstrap 78
0.7987242858011325
[ 0.34032339  0.25837579  0.46620304  0.49616175 -0.21414261 -0.16147986
0.11864299 -0.15286972  0.08954434  0.05554841  0.15665815]
Starting bootstrap 79
0.8002471042767338
[ 0.37085669  0.25547895  0.40866901  0.4931089  -0.31861912 -0.16547483
0.12791619 -0.10331288  0.07957808  0.06972857  0.12990283]
Starting bootstrap 80
0.7977800184392932
[ 0.31342953  0.32551634  0.48718828  0.42625969 -0.22562501 -0.19967808
0.05996452 -0.20130816  0.14700315  0.0609947   0.14465037]
Starting bootstrap 81
0.8018997819971441
[ 0.299753    0.31203078  0.37757905  0.42622145 -0.31626408 -0.10835978
0.00135922 -0.04656238 -0.00542476  0.02033451  0.        ]
Starting bootstrap 82
0.7972228107655832
[ 0.29460144  0.36649701  0.40921668  0.52828609 -0.28332126 -0.24344184
0.13731439 -0.24528967  0.05855328  0.04802192  0.2241943 ]
Starting bootstrap 83
0.8006839253559949
[ 0.26490692  0.34509396  0.43567051  0.55924792 -0.29068086 -0.16347731
0.01454512 -0.14000317  0.07530484  0.04286859  0.07060004]
Starting bootstrap 84
0.8021350394655794
[ 0.32925748  0.29689167  0.38118351  0.43842024 -0.27209606 -0.13905653
0.         -0.03706226  0.          0.04019937  0.00788293]
Starting bootstrap 85
0.7989387993643491
[ 0.30251839  0.29178234  0.45046893  0.43631062 -0.28669062 -0.15640941
0.05507251 -0.18178253  0.136129    0.03468544  0.07903267]
Starting bootstrap 86
0.7962346574539746
[ 0.27557661  0.35811552  0.44744501  0.47270405 -0.30480187 -0.16498022
-0.56895836 -0.17819253  0.15999141  0.06998124  0.16940081]
Starting bootstrap 87
0.7987808818893597
[ 0.2809584   0.32409717  0.48528913  0.50309161 -0.3188354  -0.14144694
0.3542701  -0.08043475 -0.00330529  0.02649211  0.0617007 ]
Starting bootstrap 88
0.8005876400618288
[ 0.33265721  0.3160074   0.43509011  0.49740298 -0.3758574  -0.13950824
0.09519411 -0.10767404  0.10497337  0.0418702   0.07429012]
Starting bootstrap 89
0.8004345188655027
[ 0.35374509  0.29939401  0.34415275  0.52915272 -0.22740949 -0.14472558
0.45435733 -0.15253642  0.12954876  0.06936574  0.15042098]
Starting bootstrap 90
0.79936650751415
[ 0.28956185  0.32694737  0.42600369  0.50803771 -0.28223971 -0.18052399
0.09825671 -0.211354    0.14351642  0.03672121  0.14928468]
Starting bootstrap 91
0.8002256409297154
[ 0.29950844  0.3154394   0.38081825  0.53898665 -0.31300953 -0.10863211
0.2405354  -0.16259743  0.11121634  0.01284205  0.14428711]
Starting bootstrap 92
0.8008780547348924
[ 0.35629615  0.31430856  0.40655475  0.40601055 -0.25477597 -0.13888625
0.01997105 -0.14500304  0.09291913  0.03532019  0.11596274]
Starting bootstrap 93
0.7978631139671353
[ 0.27165891  0.2988173   0.49405747  0.50874849 -0.29710833 -0.10853687
0.22478272 -0.15534279  0.14638071  0.03762338  0.13487919]
Starting bootstrap 94
0.7991475573931699
[ 0.29407863  0.3054442   0.45075833  0.53800085 -0.2939817  -0.1297227
0.13841452 -0.21500907  0.12630595  0.07692457  0.15201665]
Starting bootstrap 95
0.7991631452988256
[ 0.29771411  0.32252683  0.42470138  0.44402217 -0.25338985 -0.20909222
0.0406316  -0.16000789  0.0720434   0.0034104   0.09729668]
Starting bootstrap 96
0.7988338807685893
[ 0.25557631  0.3696443   0.46631399  0.54989144 -0.32020887 -0.12563146
0.2407042  -0.18318689  0.10363839  0.06814586  0.10257344]
Starting bootstrap 97
0.7968470223323129
[ 0.27848898  0.36869754  0.51927773  0.43953979 -0.28039093 -0.14038728
0.23805833 -0.22154517  0.11959626  0.06577591  0.15838609]
Starting bootstrap 98
0.7999625650450328
[ 0.30964134  0.32262674  0.48002627  0.46206474 -0.24740807 -0.12231426
0.04257374 -0.14276398  0.05491575  0.01695308  0.11105845]
Starting bootstrap 99
0.7974085466568199
[ 0.33060206  0.32320324  0.44844206  0.4370732  -0.24148111 -0.14893456
0.25117258 -0.25462984  0.1540293   0.05528183  0.14768416]
Starting bootstrap 100
0.7996191514927399
[ 0.27355298  0.36389195  0.40212589  0.41168048 -0.35130174 -0.19601328
0.03213643 -0.10799507  0.08596771  0.03851341  0.07868338]
Starting bootstrap 101
0.7986152903685088
[ 0.31877757  0.30493232  0.40548842  0.51859302 -0.20411346 -0.19966297
0.4159158  -0.1446225   0.1169773   0.03848638  0.20693274]
Starting bootstrap 102
0.8001807957242135
[ 0.31046855  0.29453741  0.35343881  0.45171255 -0.36048433 -0.20552524
0.03095833 -0.16141879  0.0746535   0.05842996  0.10411581]
Starting bootstrap 1030.7975430822733257
[ 0.30572973  0.30253407  0.50663056  0.50022857 -0.19772385 -0.19037044
0.06577491 -0.22211002  0.17127928  0.06141241  0.19292923]
Starting bootstrap 104
0.7964054049743884
[ 0.25807098  0.32361528  0.49304109  0.45356958 -0.24703116 -0.21527189
0.15738071 -0.18954313  0.09549746  0.07194532  0.10606914]
Starting bootstrap 105
0.8009688243085954
[ 0.3183685   0.31392406  0.38893041  0.4617773  -0.3119806  -0.11253536
0.15683748 -0.10924418  0.08899646  0.05834484  0.07008252]
Starting bootstrap 106
0.7991729776700853
[ 0.29973274  0.3335317   0.46056566  0.44427828 -0.28078218 -0.15552762
0.06009374 -0.15832965  0.10481627 -0.02031234  0.11522218]
Starting bootstrap 107
0.7995217870358745
[ 0.30524891  0.32029214  0.46339762  0.5475321  -0.33491285 -0.18224288
0.10643381 -0.18615498  0.10984221  0.05844483  0.13713459]
Starting bootstrap 108
0.8001810355381467
[ 0.31120469  0.30392338  0.42428112  0.48790757 -0.24892466 -0.15607929
0.03401884 -0.20835547  0.14587028  0.0515874   0.16307638]
Starting bootstrap 109
0.7996651957679076
[ 0.26440322  0.30576677  0.43029532  0.47457965 -0.26104087 -0.16687422
0.0533834  -0.16734421  0.07687334  0.03646552  0.11692839]
Starting bootstrap 110
0.8005781674114689
[ 0.3868166   0.40874863  0.45594851  0.55713836 -0.34271843 -0.15038293
0.3702652  -0.13259709  0.10234806  0.05788396  0.19004322]
Starting bootstrap 111
0.7974738959536075
[ 0.30837659  0.35179483  0.43717094  0.40689143 -0.29278452 -0.12790959
0.2336735  -0.24445047  0.17489283  0.04248335  0.21410508]
Starting bootstrap 112
0.7997647185501713
[ 0.29815719  0.3176416   0.4138143   0.5789011  -0.19414132 -0.12833387
0.06096243 -0.19220256  0.17983342  0.0398147   0.20084448]
Starting bootstrap 113
0.7991467180444037
[ 0.33047739  0.2872807   0.50216041  0.51358049 -0.28292044 -0.1636748
0.00073489 -0.14929142  0.02161707  0.08189366  0.04428422]
Starting bootstrap 114
0.8007525121408803
[ 0.30402987  0.29437838  0.44375614  0.47497223 -0.30458154 -0.15936995
0.02570025 -0.02932557  0.01012001  0.08523931  0.        ]
Starting bootstrap 115
0.798329312253209
[ 0.30185227  0.31265598  0.42803856  0.49567297 -0.31903296 -0.14047959
0.13318729 -0.22435059  0.18444239 -0.02169984  0.20961191]
Starting bootstrap 116
0.7984771575430055
[ 0.33992183  0.28667223  0.45842173  0.53000374 -0.32400787 -0.11248342
0.50135357 -0.23909598  0.17442184  0.04087486  0.21569888]
Starting bootstrap 117
0.7993623107703196
[ 0.27753254  0.32815206  0.41461299  0.4568419  -0.28880247 -0.1382385
0.26510348 -0.14751983  0.13025959  0.04991459  0.10677984]
Starting bootstrap 118
0.7990198564737592
[ 0.31392927  0.34336798  0.36802191  0.35158524 -0.28201782 -0.17475725
0.01765122 -0.1983185   0.11762367  0.0262311   0.11929084]
Starting bootstrap 119
0.8021975109951691
[ 0.27865575  0.31751634  0.3445368   0.48406748 -0.25758407 -0.13877871
0.05207357 -0.05810635  0.03001939  0.03089807  0.08327365]
Starting bootstrap 120
0.7992210603636851
[ 0.33405882  0.2991892   0.47868863  0.52588872 -0.25517247 -0.14239935
0.32353226 -0.13641186  0.06007658  0.06002181  0.13093513]
Starting bootstrap 121
0.7937327985962251
[ 0.19731439  0.29881552  0.36284491  0.62009134 -0.3540296  -0.1902445
-0.36364743 -0.20854124  0.20355501  0.07512525  0.21625756]
Starting bootstrap 122
0.7986355546458614
[ 0.31578898  0.3438832   0.39531112  0.5569511  -0.35177649 -0.1699226
-0.15184442 -0.22940433  0.15467854  0.05128311  0.15351648]
Starting bootstrap 123
0.7992456412918345
[ 0.28786429  0.34159464  0.46219659  0.45371182 -0.29247537 -0.19025546
0.0276917  -0.19213957  0.09189948  0.03313169  0.12426182]
Starting bootstrap 124
0.7998948176089136
[ 0.29074427  0.38408467  0.37052473  0.50630669 -0.24507005 -0.15454274
0.31103613 -0.16834085  0.14115381  0.06848899  0.18218961]
Starting bootstrap 125
0.7961290194164152
[ 0.25052279  0.33380883  0.4453714   0.50819037 -0.23696232 -0.17103282
-0.18913983 -0.150554    0.08656588 -0.01637906  0.13617926]
Starting bootstrap 126
0.7993329335635068
[ 0.32994295  0.33716065  0.44358568  0.48623701 -0.26575044 -0.14106926
0.33925243 -0.17646988  0.08069344  0.05445913  0.07460733]
Starting bootstrap 1270.7988324418849904
[ 0.28713923  0.31623209  0.39412867  0.56749405 -0.2979649  -0.20846631
-0.07809423 -0.18689415  0.04713224  0.03262997  0.16511242]
Starting bootstrap 128
0.7998618431931033
[ 0.26345617  0.35756051  0.42860469  0.45284566 -0.29850701 -0.15170738
0.04952441 -0.16986189  0.13071131  0.04650426  0.11206567]
Starting bootstrap 129
0.8014220726422783
[ 0.2897923   0.33522466  0.39666204  0.49894215 -0.33165584 -0.17020124
0.03726343 -0.10952669  0.08453012  0.04870479  0.07605816]
Starting bootstrap 130
0.8002762416696135
[ 0.30593424  0.36256877  0.42526226  0.44019976 -0.28871915 -0.13911635
0.04219056 -0.19183743  0.11756954  0.04634114  0.11901677]
Starting bootstrap 131
0.7988811241134229
[ 0.3013461   0.3341517   0.43546392  0.47458162 -0.2352901  -0.14568286
0.01644197 -0.28388251  0.16441429  0.04313106  0.22169252]
Starting bootstrap 132
0.7975897260833266
[ 0.31910485  0.32665595  0.50589356  0.54102482 -0.26722462 -0.24480498
0.24532125 -0.14296968  0.04965721  0.06771876  0.12573996]
Starting bootstrap 133
0.7993879708611683
[ 0.27091504  0.34194844  0.3867269   0.44930302 -0.29184037 -0.1779184
0.03626093 -0.19244172  0.18699624  0.06054708  0.11681707]
Starting bootstrap 134
0.8006995132616506
[ 0.26520729  0.33116478  0.38836132  0.49073044 -0.33435364 -0.17070265
0.02928469 -0.14920322  0.07742524  0.0488565   0.07093967]
Starting bootstrap 135
0.7988407154656845
[ 0.33712885  0.32026776  0.44961485  0.4816471  -0.25423416 -0.17326208
0.09491461 -0.23866174  0.13666937  0.05657386  0.13889872]
Starting bootstrap 136
0.8004761265829069
[ 0.3091444   0.33013045  0.43991236  0.49098662 -0.30277943 -0.14692313
0.06264205 -0.18482285  0.1076638   0.05186752  0.13530394]
Starting bootstrap 137
0.7983136044405866
[ 0.32301017  0.31563012  0.42915231  0.47316624 -0.29844217 -0.17055689
0.30868915 -0.22697279  0.12255691  0.02142022  0.20735994]
Starting bootstrap 138
0.7978764236404259
[ 0.29632708  0.3183541   0.46127132  0.43592823 -0.30759392 -0.1235201
0.1229765  -0.19181355  0.18917867  0.03818952  0.19556927]
Starting bootstrap 139
0.798943475736046
[ 0.34184208  0.28783701  0.42947462  0.47685831 -0.22398422 -0.15565251
0.23878696 -0.17291014  0.05687201  0.03870462  0.09581451]
Starting bootstrap 140
0.7990804094918833
[ 0.42459548  0.30018721  0.47379241  0.50646084 -0.27056999 -0.09450407
0.25714848 -0.2026475   0.09536332  0.01977566  0.14435635]
Starting bootstrap 141
0.8015305884470357
[ 0.28726072  0.32583567  0.39536658  0.48004692 -0.28778537 -0.14789936
0.05211196 -0.08118991  0.04932084  0.01929641  0.05429183]
Starting bootstrap 142
0.8007708579067674
[ 0.31904234  0.34445546  0.35600576  0.40538604 -0.31375679 -0.19904346
0.03779671 -0.08150816  0.07146618  0.02789569  0.04499803]
Starting bootstrap 143
0.7972272473233469
[ 0.34069277  0.30273552  0.46994347  0.46549871 -0.38971045 -0.19339203
0.03852914 -0.29429508  0.14640043  0.06135076  0.10949675]
Starting bootstrap 144
0.7995638743811452
[ 0.31124465  0.31777131  0.42794259  0.4502605  -0.21033261 -0.14815164
0.11712298 -0.11250639  0.14721663  0.02857124  0.14467769]
Starting bootstrap 145
0.7994943283405271
[ 0.3221527   0.35045179  0.44223675  0.50715886 -0.25221895 -0.12038641
0.20098964 -0.1826126   0.17785817  0.06172826  0.1882445 ]
Starting bootstrap 146
0.7993677065838157
[ 0.28841473  0.30148809  0.42732935  0.52121192 -0.34440036 -0.17189571
0.21942613 -0.08553829  0.0121339   0.07267864  0.07759541]
Starting bootstrap 147
0.7986672100850394
[ 0.31849332  0.31898204  0.4040577   0.48914799 -0.34910397 -0.16078572
0.20731606 -0.24967368  0.16087829  0.03376306  0.14845194]
Starting bootstrap 148
0.7977960859728155
[ 0.28930622  0.31770008  0.49475789  0.53357613 -0.2685074  -0.15881255
0.11662219 -0.25652242  0.11535791  0.04333801  0.1759675 ]
Starting bootstrap 149
0.7983429816473995
[ 0.26026902  0.34549404  0.42326308  0.48594348 -0.27556733 -0.12888572
0.38646867 -0.20447921  0.05602839  0.0107699   0.14555729]
Starting bootstrap 150
0.7997509292490143
[ 0.31954225  0.31588034  0.39950329  0.42697243 -0.3585031  -0.17240369
0.02219578 -0.19039427  0.10684133  0.04148022  0.07760574]
Starting bootstrap 151
0.8000836710812815
[ 0.28453049  0.33832641  0.42499122  0.44505452 -0.30511223 -0.19149356
0.02697335 -0.11271926  0.11227119  0.05742595  0.07980744]
Starting bootstrap 152
0.7943257385459769
[ 0.32768188  0.28835806  0.41776712  0.44033763 -0.30400274 -0.18441032
-0.47501404 -0.25696478  0.09162624  0.07939965  0.25915117]
Starting bootstrap 153
0.7976422453346897
[ 0.33265192  0.31245046  0.51041539  0.47351895 -0.28433567 -0.15942165
0.22896954 -0.18823757  0.12072458  0.05333553  0.19379872]
Starting bootstrap 154
0.7989637400133983
[ 0.34428914  0.28349465  0.44673914  0.51898004 -0.25136858 -0.14392255
0.31420929 -0.18135833  0.13456378  0.02171534  0.13885492]
Starting bootstrap 155
0.7975945223619899
[ 3.13019658e-01  3.27635047e-01  4.56888784e-01  4.18604875e-01
-2.88179189e-01 -1.89245011e-01  1.60902999e-01 -1.64316092e-01
4.13193434e-05  3.90676247e-02  1.02420340e-01]
Starting bootstrap 156
0.7992597903138913
[ 0.30566416  0.30119439  0.43651748  0.48739146 -0.27365964 -0.13073011
0.03765112 -0.26022953  0.17220885  0.01726951  0.22166542]
Starting bootstrap 157
0.7960371706800129
[ 0.32754665  0.35905405  0.46238596  0.53859723 -0.32501783 -0.1777809
-0.44313201 -0.26470689  0.22078758  0.04464503  0.16445725]
Starting bootstrap 158
0.7985221226554742
[ 0.30958658  0.31499487  0.47997116  0.4859334  -0.30157532 -0.13269435
0.32193816 -0.19224972  0.09335038  0.03932221  0.12587208]
Starting bootstrap 159
0.7981173167362907
[ 0.3208657   0.30984065  0.41931591  0.49553056 -0.29042808 -0.18917885
0.2355041  -0.22666936  0.22510061  0.05220673  0.20022709]
Starting bootstrap 160
0.7994963667589591
[ 0.29565336  0.29572332  0.44739647  0.53224565 -0.32013884 -0.18184351
0.11502727 -0.15148743  0.11291306  0.07276146  0.13995605]
Starting bootstrap 161
0.7990305281937851
[ 0.26541621  0.32503854  0.39529961  0.53636601 -0.26119489 -0.16543567
0.06764722 -0.24947242  0.16354534  0.05934368  0.22994209]
Starting bootstrap 162
0.7985297967013354
[ 0.31601942  0.29851889  0.46258976  0.47644281 -0.22352453 -0.1188547
0.15489184 -0.19843674  0.12836153  0.0781995   0.18257285]
Starting bootstrap 163
0.7992364084554076
[ 0.22702542  0.36113115  0.46460425  0.5733823  -0.33855563 -0.17990209
-0.05193543 -0.03939583 -0.01029552  0.08907075  0.0263627 ]
Starting bootstrap 164
0.8003304396185089
[ 0.33366293  0.3351014   0.48054708  0.5172664  -0.22906054 -0.19149407
0.01611165 -0.12709543  0.05337529  0.02947464  0.10562695]
Starting bootstrap 165
0.7969929491106439
[ 0.31819684  0.33466471  0.45493168  0.51730254 -0.23400713 -0.18295763
-0.35664393 -0.14905468  0.12107965  0.06810967  0.15928986]
Starting bootstrap 166
0.798703781709847
[ 0.29863468  0.36200448  0.47029011  0.50808488 -0.26087174 -0.15848489
0.15851752 -0.2204024   0.13264653  0.04883685  0.13721549]
Starting bootstrap 167
0.8009863307257165
[ 0.30346827  0.30911107  0.44332256  0.49153043 -0.29583162 -0.16535864
0.03048449 -0.08062502  0.03267384  0.03175478  0.0418955 ]
Starting bootstrap 168
0.7988973115539116
[ 0.26521738  0.33496155  0.45766531  0.5794248  -0.27230696 -0.18191244
0.16678749 -0.12732949  0.09761605  0.04842044  0.0721502 ]
Starting bootstrap 169
0.7984800353102035
[ 0.28141627  0.31300211  0.43771061  0.52268275 -0.29992673 -0.18487993
0.10727628 -0.22193616  0.19231458  0.03022155  0.17302937]
Starting bootstrap 170
0.7990109833582321
[ 0.29635429  0.32248662  0.45606122  0.51679513 -0.3001587  -0.17257646
0.20392684 -0.161953    0.11281504  0.04523721  0.16493105]
Starting bootstrap 171
0.7996840211616612
[ 0.29805622  0.33320368  0.51330082  0.48702324 -0.25063456 -0.10072147
0.01610426 -0.13152415  0.09849483  0.04158049  0.03988824]
Starting bootstrap 172
0.7952624517689215
[ 0.26330829  0.25896458  0.35729041  0.48354363 -0.26762527 -0.13790451
-0.47925088 -0.23315298  0.04716487  0.03282641  0.17606352]
Starting bootstrap 173
0.7988717713700294
[ 0.32632018  0.28291801  0.41954769  0.51950933 -0.30559667 -0.18944697
0.43410356 -0.14157612  0.15070442  0.0207198   0.12365385]
Starting bootstrap 174
0.7904544222228858
[ 0.23279271  0.32203224  0.47156016  0.47972189 -0.27479894 -0.26158896
-0.58580412 -0.29182073  0.10981985  0.06128351  0.10152684]
Starting bootstrap 175
0.7999123240260347
[ 0.33867418  0.29726089  0.45693255  0.47062587 -0.25462994 -0.14254843
0.106813   -0.11856782  0.06207676  0.05550434  0.1274425 ]
Starting bootstrap 176
0.7996663948375735
[ 0.31423688  0.35740918  0.4311704   0.4664052  -0.27272324 -0.14842725
0.32060303 -0.15476267  0.11018078  0.04366681  0.13243142]
Starting bootstrap 177
0.8005350009034989
[ 0.31612924  0.30334812  0.40294985  0.48612426 -0.31740084 -0.15948606
-0.07424937 -0.15668391  0.10593022  0.03114048  0.09380921]
Starting bootstrap 178
0.7987775244942952
[ 0.32962874  0.26256977  0.43167718  0.45727726 -0.28561599 -0.16735353
-0.05832803 -0.20221533  0.05671761  0.02697429  0.10195954]
Starting bootstrap 179
0.7977571162086758
[ 0.27030419  0.32158927  0.4569147   0.51127566 -0.26134053 -0.21998918
0.15991565 -0.17385909  0.065589    0.07082321  0.13407644]
Starting bootstrap 180
0.7978749847568268
[ 0.28239631  0.31862639  0.4703352   0.5021922  -0.25073569 -0.20293849
0.3492275  -0.16808453  0.1025096   0.06875339  0.12447051]
Starting bootstrap 181
0.7970232855731896
[ 0.26616388  0.37612369  0.49325208  0.46820891 -0.26822297 -0.14406591
0.18456917 -0.25451781  0.17715212  0.07112146  0.20277633]
Starting bootstrap 182
0.7980010069787055
[ 0.26452585  0.34186987  0.47258282  0.47339848 -0.35107193 -0.16407777
0.15495983 -0.18598445  0.10475661  0.01860145  0.08630085]
Starting bootstrap 183
0.8000539341535691
[ 0.31111981  0.31529096  0.38818877  0.452727   -0.27578324 -0.1404751
0.4863717  -0.0919765   0.12622625  0.01962667  0.10878103]
Starting bootstrap 184
0.8020563205420178
[ 0.33133638  0.31220735  0.38516113  0.45517063 -0.30263693 -0.14719218
0.02353898  0.          0.          0.01947952  0.        ]
Starting bootstrap 185
0.7976706632857699
[ 0.35741049  0.29720112  0.47107     0.42076946 -0.32857939 -0.15596396
0.18463244 -0.20687189  0.10385667  0.00661084  0.13109829]
Starting bootstrap 186
0.7984326720584034
[ 0.28611581  0.34349541  0.46781514  0.53596829 -0.31593641 -0.19628928
0.11284461 -0.24319657  0.11933489  0.02882865  0.19369228]
Starting bootstrap 187
0.7981856637072429
[ 0.32182622  0.30515893  0.46471244  0.49462483 -0.32245561 -0.12696743
0.30824033 -0.23731703  0.09375747  0.02251445  0.14977656]
Starting bootstrap 188
0.7985812367899994
[ 0.31628144  0.34975867  0.42577765  0.51863597 -0.36459651 -0.20119805
0.21761716 -0.22748219  0.11263312  0.04489195  0.11937277]
Starting bootstrap 189
0.8004583803518527
[ 0.2951689   0.33958313  0.34323342  0.49214596 -0.29533171 -0.15146743
0.39975473 -0.13095303  0.1208544   0.08180142  0.15996656]
Starting bootstrap 190
0.7987276431961969
[ 0.28705072  0.36485421  0.41172658  0.51012664 -0.21187608 -0.17584485
0.43248188 -0.18700984  0.16102644  0.06845287  0.18397849]
Starting bootstrap 191
0.7995680711249755
[ 0.32184715  0.3073704   0.44822206  0.46779025 -0.25411238 -0.11298982
0.13106336 -0.10871693  0.14970972  0.02247033  0.0867114 ]
Starting bootstrap 192
0.7992250172935822
[ 0.306744    0.28062649  0.41155685  0.51807975 -0.36204762 -0.14298032
0.49321558 -0.16878917  0.11763197  0.04362776  0.10112467]
Starting bootstrap 193
0.7964340627394018
[ 0.29256073  0.36118578  0.51146382  0.53539306 -0.24086122 -0.13321782
-0.25972339 -0.1638073   0.0869179   0.08724465  0.11915629]
Starting bootstrap 194
0.7990329263331168
[ 0.26805586  0.34672586  0.38314153  0.51118684 -0.32226957 -0.18082882
0.13514995 -0.22209662  0.11330325  0.06517992  0.15985301]
Starting bootstrap 195
0.797786733229422
[ 0.2488903   0.32571719  0.48199518  0.48712365 -0.2399151  -0.14888826
0.12505541 -0.19017864  0.06672927  0.05445628  0.13216124]
Starting bootstrap 196
0.8012190701478538
[ 0.3125921   0.33176853  0.3980333   0.4399981  -0.2604644  -0.12171389
0.04487505 -0.13213033  0.08968981  0.00262736  0.1219198 ]
Starting bootstrap 197
0.7996851003243602
[ 0.32522868  0.27240612  0.44915069  0.5002857  -0.33718938 -0.1672712
0.08753744 -0.10348691  0.06984469  0.00509733  0.04362511]
Starting bootstrap 198
0.7984499386615911
[ 0.28079106  0.32372982  0.46503012  0.50519334 -0.29726134 -0.13144415
0.08430811 -0.26481179  0.13922267  0.05400301  0.21586943]
Starting bootstrap 199
0.7946395350775242
[ 0.27063101  0.35528739  0.55804064  0.54017296 -0.24169496 -0.19977285
-0.21575178 -0.1945042   0.07642158  0.0686129   0.08309257]
Starting bootstrap 200
0.8015111635184492
[ 0.29932089  0.31906523  0.37491197  0.45297274 -0.30040972 -0.16911638
0.04617306 -0.0879541   0.0697706   0.04945816  0.06378383]
Starting bootstrap 201
0.7985363915844974
[ 0.32019714  0.32201898  0.43704885  0.50102606 -0.25574494 -0.16772798
-0.18300845 -0.12423383  0.03422765  0.0604889   0.10460271]
Starting bootstrap 202
0.7985625313032124
[ 0.36279732  0.271072    0.40291807  0.45227735 -0.22503155 -0.18113405
0.28097475 -0.12434346  0.09749979 -0.01995875  0.14932761]
Starting bootstrap 203
0.7986015010673518
[ 0.29496691  0.29150468  0.46440679  0.51412256 -0.32318157 -0.13461702
0.28044475 -0.16525473  0.12860152  0.04421448  0.14518382]
Starting bootstrap 204
0.7965789103550338
[ 0.30902947  0.32137496  0.47716322  0.39002725 -0.31355497 -0.17158985
0.25093231 -0.19343047  0.08191077  0.03587155  0.15106155]
Starting bootstrap 205
0.7984363891743673
[ 0.33346756  0.33628296  0.53169708  0.48260216 -0.36601423 -0.14175815
0.08660947 -0.21060685  0.09794213  0.04322633  0.07647941]
Starting bootstrap 206
0.7976345712888284
[ 0.33606889  0.27692416  0.46569824  0.45725404 -0.31649491 -0.17134348
0.10125136 -0.22654104  0.07944769  0.0649707   0.20348971]
Starting bootstrap 207
0.8007935203234514
[ 0.28430185  0.32147446  0.37229192  0.44778011 -0.2944564  -0.18288069
0.0048904  -0.12340324  0.03845603  0.07717961  0.06150428]
Starting bootstrap 208
0.7971495476090011
[ 0.28687532  0.30602956  0.5001875   0.43395884 -0.25166874 -0.14099054
0.09844994 -0.21917799  0.0670506   0.06463233  0.15319102]
Starting bootstrap 209
0.8009076717556383
[ 0.27729598  0.34393284  0.42017788  0.44406621 -0.31755556 -0.10651862
0.04209098 -0.07972565  0.          0.04767339  0.        ]
Starting bootstrap 210
0.7984800353102035
[ 0.30411727  0.33484141  0.43785194  0.45858293 -0.30004432 -0.16829572
0.21323462 -0.20435558  0.11942844  0.04505795  0.09955783]
Starting bootstrap 211
0.7981646799880908
[ 0.29759232  0.29341832  0.45274104  0.51662643 -0.2875105  -0.1618686
0.27950059 -0.20784505  0.11340678  0.01301448  0.12461707]
Starting bootstrap 212
0.7993296960754089
[ 0.33066576  0.32096263  0.46884849  0.49415917 -0.24772183 -0.12837982
0.1541353  -0.17864476  0.06219083  0.06244139  0.10273207]
Starting bootstrap 213
0.7977355329546911
[ 0.3432792   0.34762679  0.47535721  0.49644802 -0.22707559 -0.2028219
0.40126406 -0.22589763  0.13686238  0.05975109  0.14077008]
Starting bootstrap 214
0.8002189261395868
[ 0.27401404  0.3563415   0.4505457   0.52718425 -0.32684499 -0.18497362
0.08006422 -0.12412381  0.09593415  0.07238666  0.10251052]
Starting bootstrap 215
0.796938031719949
[ 0.31939603  0.28761598  0.49640432  0.50610597 -0.24840293 -0.11844446
0.27159117 -0.2663422   0.1430303   0.04200647  0.19266542]
Starting bootstrap 216
0.7960483220279049
[ 0.29367921  0.31120645  0.48394187  0.48438134 -0.25878842 -0.17652655
0.55747977 -0.28650833  0.1159008   0.04215319  0.16523969]
Starting bootstrap 217
0.7991741767397513
[ 0.28297708  0.32544766  0.45667673  0.52891406 -0.29301176 -0.16176572
0.21766752 -0.1208193   0.04417671  0.0627394   0.0441239 ]
Starting bootstrap 218
0.8006509509401845
[ 0.30316     0.32833883  0.4003448   0.44456104 -0.30760874 -0.13325006
0.04362669 -0.18806519  0.12836374  0.01550424  0.11230706]
Starting bootstrap 219
0.798945753968411
[ 0.30478872  0.30759034  0.46618833  0.48365786 -0.25769802 -0.10596295
0.04696526 -0.21736888  0.2092125   0.03230752  0.21610821]
Starting bootstrap 220
0.79868999240869
[ 0.29911173  0.3574436   0.45807815  0.46073639 -0.2702058  -0.17187218
0.27560598 -0.14613369  0.10335283  0.0802791   0.07304387]
Starting bootstrap 221
0.7998607640304042
[ 0.34826895  0.27183792  0.43697788  0.52143582 -0.25336883 -0.0913371
0.23288595 -0.12150209  0.07814916  0.02719314  0.13197354]
Starting bootstrap 222
0.7987128946393073
[ 0.28264155  0.30325162  0.46837505  0.50095955 -0.2234882  -0.10968998
0.08776656 -0.21214089  0.10241399  0.03318578  0.14709539]
Starting bootstrap 223
0.7991783734835816
[ 0.34055197  0.29774173  0.45571925  0.47458785 -0.29009456 -0.15483615
0.13594569 -0.13059867  0.15922013  0.06811177  0.15970715]
Starting bootstrap 224
0.795999759706439
[ 0.29593306  0.31713153  0.51379179  0.50632529 -0.18816545 -0.13250838
0.18400358 -0.24667675  0.19172811 -0.00552616  0.2022008 ]
Starting bootstrap 225
0.7983944217360636
[ 0.27595692  0.36399996  0.49335417  0.50001443 -0.29919442 -0.13730689
0.31227975 -0.16769689  0.1033409   0.05699395  0.15439072]
Starting bootstrap 226
0.7980607206480635
[ 0.32661142  0.31745442  0.50246142  0.47065579 -0.28453229 -0.12611639
0.16753198 -0.18289247  0.1069382  -0.01415872  0.08051549]
Starting bootstrap 227
0.7992010359002658
[ 0.25999113  0.36657528  0.48502103  0.47177187 -0.29398078 -0.16043944
0.06435193 -0.15543612  0.09409306  0.05883183  0.12260535]
Starting bootstrap 228
0.7997352214363919
[ 0.28454397  0.32654414  0.44991508  0.43845338 -0.32429982 -0.12899898
0.01329002 -0.15431858  0.05972852  0.07917041  0.0517168 ]
Starting bootstrap 229
0.7999444590930789
[ 0.28294397  0.35526453  0.43701284  0.50234664 -0.36043119 -0.18552997
0.06945588 -0.16696331  0.1293751   0.03746661  0.11944685]
Starting bootstrap 230
0.8007242140967666
[ 0.32778709  0.33030433  0.35681852  0.54388991 -0.28079685 -0.20582262
0.14318749 -0.09744611  0.07890528  0.04455364  0.05752408]
Starting bootstrap 231
0.8006484328938862
[ 0.30958923  0.32489368  0.40644947  0.48571288 -0.24793279 -0.1767368
0.03764956 -0.1700549   0.07868999  0.072468    0.145879  ]
Starting bootstrap 232
0.7977260603043311
[ 0.29588779  0.35966619  0.48106951  0.53061777 -0.34129044 -0.22457265
0.28927787 -0.17316612  0.10543479  0.01262608  0.0563936 ]
Starting bootstrap 233
0.7978876948952848
[ 0.30260646  0.34392334  0.46545377  0.48383354 -0.25085867 -0.18116352
0.12702856 -0.22970919  0.19753926  0.01884795  0.21906677]
Starting bootstrap 234
0.7988476700697461
[0.35045064  0.29116705  0.43270427  0.48510272 -0.28295259 -0.21050361
0.05522906 -0.23949969  0.10500153  0.06685692  0.1519595 ]
Starting bootstrap 235
0.7975155036710118
[ 0.32580964  0.32704281  0.5130432   0.47280966 -0.22330248 -0.17196763
0.13406065 -0.22559317  0.1293313   0.02015785  0.15787173]
Starting bootstrap 236
0.800190987816373
[ 0.31296392  0.33332802  0.38796405  0.4220935  -0.38584562 -0.13860382
0.03625018 -0.17186161  0.15107474  0.04819174  0.1067198 ]
Starting bootstrap 237
0.7985790784646007
[ 0.29065603  0.32336305  0.42567326  0.4636076  -0.24756363 -0.15905263
0.25990146 -0.15993728  0.07350333 -0.00329633  0.07197487]
Starting bootstrap 238
0.7990379624257132
[ 0.34528719  0.32326703  0.39878412  0.49667719 -0.26064851 -0.1876582
0.38365156 -0.20261338  0.16192064  0.02913917  0.1576679 ]
Starting bootstrap 239
0.7994922899220951
[ 0.31266976  0.3321708   0.43652124  0.37510639 -0.25955967 -0.15263905
0.04026985 -0.12378206  0.03917084  0.02489554  0.07366907]
Starting bootstrap 240
0.8006776901937326
[ 0.28444673  0.31365194  0.41262955  0.53957701 -0.27533225 -0.13110464
0.0302636  -0.19175914  0.15774744  0.05498353  0.16704009]
Starting bootstrap 241
0.8002014197224657
[ 0.31127851  0.31255845  0.47566327  0.51843171 -0.23194651 -0.13579528
0.05464016 -0.14005436  0.04835199  0.03335965  0.07543745]
Starting bootstrap 242
0.7968710037256295
[ 0.33028569  0.3593559   0.41230047  0.4659781  -0.23184943 -0.1651249
-0.64097487 -0.2096865   0.10567913  0.07581454  0.14620785]
Starting bootstrap 243
0.8002251613018491
[ 0.29259523  0.29445952  0.38972084  0.50454448 -0.31657846 -0.16541429
0.10315204 -0.11535856  0.13347226  0.02585959  0.14015991]
Starting bootstrap 244
0.7986600156670443
[ 0.31056215  0.34445246  0.43695229  0.4636795  -0.30551763 -0.18313654
0.3235599  -0.19696924  0.12538884  0.05091444  0.15134871]
Starting bootstrap 245
0.7983892657365004
[ 0.33446215  0.3210207   0.43248452  0.51553829 -0.3360995  -0.22040772
0.121769   -0.25586261  0.13020009  0.01909302  0.20097814]
Starting bootstrap 246
0.7977974049494478
[ 0.31380872  0.29609309  0.52533332  0.48539815 -0.23183916 -0.15637917
0.55996632 -0.09835584  0.03939319  0.07373288  0.09477384]
Starting bootstrap 247
0.799114463070393
[ 0.31011696  0.35382377  0.37976017  0.48856374 -0.29299241 -0.18328151
0.37685569 -0.21540913  0.17451198  0.05321921  0.16949447]
Starting bootstrap 248
0.7940871236824772
[ 0.2399389   0.26354998  0.39535084  0.4477769  -0.283119   -0.12532451
-0.41605241 -0.13213824  0.04994472  0.03879574  0.23971367]
Starting bootstrap 249
0.7997420561334871
[ 0.29307687  0.3358506   0.45659054  0.48730218 -0.25532055 -0.21086079
0.02672625 -0.14140009  0.07309257  0.0302768   0.09925742]
Starting bootstrap 250
0.8002569366479937
[ 0.31680032  0.30663405  0.41865097  0.42878826 -0.25732486 -0.18908457
0.054514    0.          0.          0.04102637  0.03144564]
Starting bootstrap 251
0.7966617660689425
[ 0.27746503  0.32482677  0.39213153  0.46448459 -0.22856226 -0.09553118
-0.58464224 -0.22633275  0.1240777   0.02077107  0.19340658]
Starting bootstrap 252
0.7989059448555054
[ 0.3331698   0.3137755   0.42828067  0.51856928 -0.26865689 -0.16672736
0.07188885 -0.29339935  0.18538996  0.04035143  0.25452786]
Starting bootstrap 253
0.8006597041487451
[ 0.28769337  0.33241676  0.41740872  0.49949212 -0.31477781 -0.15315993
0.02028721 -0.18468772  0.13583326  0.06550017  0.12336393]
Starting bootstrap 254
0.7982565287244933
[ 0.27208235  0.32267592  0.45809861  0.46247022 -0.2921732  -0.16267914
0.30152448 -0.1713823   0.09049135  0.04761849  0.10236602]
Starting bootstrap 255
0.8008862084086199
[ 0.3437813   0.30110021  0.40108425  0.51170076 -0.2159867  -0.15555
0.06718499 -0.10156374  0.15490783  0.0597296   0.16188416]
Starting bootstrap 256
0.7979912945144122
[ 0.32776242  0.30782207  0.46600202  0.45902572 -0.21156015 -0.09158896
0.24051956 -0.15787608  0.14069962  0.09232338  0.21931706]
Starting bootstrap 257
0.8006342838718296
[ 0.27251508  0.34384941  0.40697122  0.51163989 -0.32502138 -0.16784852
0.05045712 -0.15205646  0.07654929  0.02441554  0.08377195]
Starting bootstrap 258
0.7997708338054671
[ 0.31700922  0.31761922  0.46453138  0.55670714 -0.28784289 -0.18545445
0.12190515 -0.1388329   0.1149756   0.05000213  0.10313758]
Starting bootstrap 259
0.8001811554451133
[ 0.31556084  0.31691618  0.41877416  0.38387055 -0.21569421 -0.15431167
0.0379843  -0.04166393  0.0169608   0.00876477  0.        ]
Starting bootstrap 260
0.8019460660862451
[ 0.33156651  0.31961623  0.31885412  0.43321973 -0.36025195 -0.170761
0.0465638  -0.03915444  0.03809148  0.04946157  0.        ]
Starting bootstrap 261
0.7984473007083265
[ 0.27495617  0.35973619  0.47743729  0.50712    -0.35487101 -0.14882514
0.22228708 -0.17917353  0.10833338  0.0075528   0.10093445]
Starting bootstrap 262
0.8010916090423762
[ 3.54088819e-01  3.75273813e-01  3.95165358e-01  4.80065090e-01
-2.30356494e-01 -1.43602543e-01  3.15513366e-01  1.55995880e-02
-8.63549618e-05  6.28477936e-02 -5.39571451e-03]
Starting bootstrap 263
0.8011865753599098
[ 0.29856666  0.31951243  0.40941434  0.46963966 -0.30597825 -0.14051323
0.05783063 -0.12862676  0.06863505  0.02893547  0.09347025]
Starting bootstrap 264
0.7968755601903597
[ 0.30542091  0.27536267  0.43049385  0.56042595 -0.24859278 -0.21727947
-0.13227833 -0.17241658  0.13211562 -0.00404388  0.18073135]
Starting bootstrap 265
0.7985526989319527
[ 0.28615951  0.33988399  0.46189109  0.40115756 -0.29602364 -0.15517986
0.03995928 -0.18422477  0.13742882  0.02551672  0.10090009]
Starting bootstrap 266
0.7986030598579174
[ 0.34553392  0.33832751  0.47960801  0.47434953 -0.25568982 -0.19708757
0.14974133 -0.13272733  0.00404404  0.05269493  0.13492827]
Starting bootstrap 267
0.7984282355006397
[ 0.30592654  0.32126833  0.50235496  0.49133008 -0.23906146 -0.16702478
0.11276105 -0.1692889   0.13558626  0.03327675  0.16040198]
Starting bootstrap 268
0.7992579917093926
[ 0.29959911  0.31534094  0.48556775  0.50755262 -0.25904139 -0.13193869
0.1688122  -0.11302768  0.04455584  0.07237068  0.03544519]
Starting bootstrap 269
0.8005661767148106
[ 0.32311273  0.33481325  0.39508315  0.51653374 -0.33570206 -0.1650877
0.08622808 -0.11084175  0.07377131 -0.02555334  0.10026442]
Starting bootstrap 270
0.7979963306070085
[ 0.33273511  0.30907327  0.45473873  0.51107121 -0.23551428 -0.22291396
0.41305885 -0.17760067  0.09434829  0.02275955  0.10831707]
Starting bootstrap 271
0.798822489606764
[ 0.31036039  0.29526583  0.37864895  0.51744392 -0.22356139 -0.1693944
0.21864927 -0.19347661  0.18868448  0.0656747   0.19956521]
Starting bootstrap 272
0.7983508955071938
[ 0.28032037  0.33827891  0.46502576  0.5244661  -0.29302379 -0.20915761
0.40199649 -0.14145858  0.11459911  0.03117467  0.10176827]
Starting bootstrap 273
0.7983288326253426
[ 0.31863661  0.32165003  0.38209414  0.44707236 -0.30347023 -0.17866078
0.37319513 -0.21703012  0.20221984  0.00962604  0.18269844]
Starting bootstrap 274
0.8002281589760137
[ 0.31524683  0.3551086   0.42567147  0.40888731 -0.25167366 -0.17728409
0.02418597 -0.09800319  0.07113473  0.06110479  0.02963972]
Starting bootstrap 275
0.7920958286884373
[ 0.25480594  0.25775933  0.4786648   0.48691523 -0.24555671 -0.15529045
-0.35470138 -0.26107164  0.12778792  0.03791216  0.07895743]
Starting bootstrap 276
0.7986095348341129
[ 0.30500969  0.3455276   0.48706616  0.51747941 -0.33532415 -0.15011972
0.10460636 -0.20124272  0.15290017 -0.00082869  0.07284932]
Starting bootstrap 277
0.7989844839186173
[ 0.3026567   0.32485897  0.4655185   0.56228533 -0.19731501 -0.14121718
0.11959978 -0.16868183  0.08910889  0.04831493  0.20570321]
Starting bootstrap 278
0.8004917144885625
[ 0.28964033  0.34826427  0.46044396  0.55098787 -0.278081   -0.17181708
0.02750161 -0.16803542  0.08426199  0.06588287  0.10564389]
Starting bootstrap 279
0.7988904768568162
[ 0.31272149  0.27666668  0.47067214  0.52919974 -0.26074226 -0.13971052
0.08505658 -0.19425183  0.10981611  0.02224709  0.11443642]
Starting bootstrap 280
0.7973613033119864
[ 0.29370361  0.2739497   0.47143164  0.53099493 -0.30229894 -0.1783451
0.18839111 -0.21507191  0.0941035   0.01387754  0.13811013]
Starting bootstrap 281
0.8001208422409221
[ 0.30571716  0.3319669   0.46873123  0.48026458 -0.28475772 -0.14334952
0.03346014 -0.1789045   0.11905234  0.06978226  0.13202953]
Starting bootstrap 282
0.7984427442435962
[ 0.2935828   0.3198449   0.41214379  0.50909574 -0.25604321 -0.16433378
0.0722185  -0.29929179  0.17606938  0.05432898  0.24314334]
Starting bootstrap 283
0.7995575193119164
[ 0.34082289  0.28320936  0.44802701  0.49145604 -0.2461843  -0.18586473
0.03376551 -0.19274576  0.11554976  0.07278485  0.15449744]
Starting bootstrap 284
0.8016604476918449
[ 3.10257028e-01  3.11941812e-01  3.71161820e-01  5.14951288e-01
-2.73474934e-01 -1.61422121e-01  9.49532606e-02  0.00000000e+00
4.03421373e-05  3.49468371e-02  0.00000000e+00]
Starting bootstrap 285
0.7994699872263107
[ 0.29513799  0.3937811   0.43222313  0.48334364 -0.19005298 -0.18846384
0.08080448 -0.17446624  0.11521916  0.03842726  0.13937279]
Starting bootstrap 286
0.8010622318355634
[ 0.29623214  0.31884543  0.39422667  0.46001344 -0.29546557 -0.1898764
0.04401668  0.          0.03201556  0.06093752  0.        ]
Starting bootstrap 287
0.7988871194617522
[ 0.28904998  0.31891138  0.4817329   0.56562076 -0.30055488 -0.15425789
0.15701482 -0.18378205  0.11090629  0.06366283  0.10878133]
Starting bootstrap 288
0.7989885607554811
[ 3.00931679e-01  2.71657402e-01  4.27158790e-01  5.02988476e-01
-3.00656160e-01 -1.21502366e-01  4.01797966e-01 -1.46594798e-01
7.30918199e-02 -2.77165162e-04  1.16762270e-01]
Starting bootstrap 289
0.7987760856106965
[ 0.30788632  0.29439057  0.51507612  0.56965531 -0.28093569 -0.08646002
0.18140138 -0.13677459  0.09393809  0.07646897  0.11256049]
Starting bootstrap 290
0.8015137415182307
[ 0.27025625  0.34085961  0.34384377  0.36593264 -0.2468515  -0.10914325
0.          0.          0.          0.          0.        ]
Starting bootstrap 291
0.7983059303947253
[ 0.29920737  0.33802785  0.46214288  0.42670066 -0.27958927 -0.14037637
0.07855566 -0.2470266   0.14524284  0.03579207  0.18979736]
Starting bootstrap 292
0.7987473079387166
[ 0.33071933  0.36620267  0.48638137  0.49104885 -0.24497633 -0.22011087
0.12584026 -0.14988217  0.13621172  0.03675724  0.12838403]
Starting bootstrap 293
0.7971270050992836
[ 2.48872959e-01  3.33100101e-01  4.68683702e-01  5.27455720e-01
-3.33907518e-01 -1.93149069e-01  1.71613399e-01 -2.18311419e-01
1.13360168e-01  2.24171487e-04  1.68078340e-01]
Starting bootstrap 294
0.7939517487172054
[ 0.29751973  0.31412277  0.58196461  0.45198044 -0.23984113 -0.14831942
0.37173165 -0.30507284  0.16252629  0.03076107  0.18113705]
Starting bootstrap 295
0.7990546294940681
[ 0.3356387   0.32086038  0.43862388  0.48302558 -0.29792754 -0.16120329
0.19700961 -0.20820233  0.13722344  0.01680089  0.1458444 ]
Starting bootstrap 296
0.7977814573228923
[ 0.34030444  0.33250266  0.49356894  0.50283928 -0.24277902 -0.13950026
0.19816082 -0.24865986  0.14254196  0.00954307  0.12179721]
Starting bootstrap 297
0.801526511610172
[ 0.29533295  0.31393564  0.42414237  0.50508437 -0.32197776 -0.14945648
0.00219529 -0.07945363  0.04771816  0.05197904  0.0282937 ]
Starting bootstrap 298
0.8003427900360669
[ 0.33461536  0.32630623  0.44424649  0.5089902  -0.27335842 -0.17301549
0.08318006 -0.17205479  0.11984355  0.04061548  0.12246786]
Starting bootstrap 299
0.796068466398291
[ 0.2635162   0.33168181  0.40099403  0.51171033 -0.29054855 -0.19856988
-0.42802907 -0.21913711  0.14408155  0.06353182  0.19103131]
Starting bootstrap 300
0.7984759584733397
[ 0.31069207  0.3102668   0.44102167  0.4280789  -0.29526613 -0.13909501
0.12763969 -0.19634569  0.11982222  0.06981967  0.20028842]
Starting bootstrap 301
0.7999834288572183
[ 0.30086769  0.3335468   0.44687759  0.49901095 -0.29944722 -0.15819786
0.14041504 -0.10217011  0.12157944  0.03725322  0.08054595]
Starting bootstrap 302
0.7988041438408767
[ 0.32202302  0.34809421  0.47358272  0.50935203 -0.23964461 -0.19095524
0.47675136 -0.13230472  0.0542808   0.06274896  0.05025052]
Starting bootstrap 303
0.7959497585013738
[ 0.29246178  0.34153034  0.47373175  0.46623967 -0.25290619 -0.18993677
-0.22328654 -0.18389767  0.08633334  0.06290596  0.11981539]
Starting bootstrap 304
0.7991358065104447
[ 0.35445802  0.28163183  0.38775708  0.48656557 -0.29218657 -0.13985582
0.11929472 -0.27467014  0.15491977  0.06141614  0.21262641]
Starting bootstrap 305
0.7981592841745946
[ 0.34536573  0.40312679  0.48249113  0.4794446  -0.27780572 -0.20817073
0.40820332 -0.20024375  0.16685984  0.0633834   0.18260847]
Starting bootstrap 306
0.7978512431774435
[ 0.26485357  0.30857297  0.49112005  0.49178584 -0.29094175 -0.12728541
0.14426904 -0.20891024  0.09113056  0.0343687   0.11458113]
Starting bootstrap 307
0.7984693635901777
[ 0.29599122  0.31151446  0.47191681  0.55823713 -0.35131613 -0.15359858
0.09792103 -0.25176962  0.12982943  0.01726461  0.11262351]
Starting bootstrap 308
0.7980812247393491
[ 0.28116884  0.34366363  0.49919047  0.53392217 -0.24868846 -0.13677165
0.26333825 -0.20251374  0.0819368   0.03020019  0.14596697]
Starting bootstrap 309
0.8003106549690227
[ 0.28460746  0.34117155  0.48485683  0.53766383 -0.26684234 -0.14675022
0.05748812 -0.11530336  0.08888736  0.0711581   0.05426593]
Starting bootstrap 310
0.7965628428215116
[ 0.30411672  0.32406988  0.51713948  0.43609005 -0.24711388 -0.10930901
-0.15268751 -0.16123097  0.05557425  0.00799286  0.11890117]
Starting bootstrap 311
0.7958297316278246
[ 0.2896451   0.33933002  0.45535981  0.48042849 -0.29666263 -0.20229838
-0.16059118 -0.25484885  0.12974867  0.06399219  0.2029117 ]
Starting bootstrap 312
0.793746348083449
[ 0.18862717  0.38713801  0.47570174  0.52764274 -0.32771876 -0.19553187
-0.5136191  -0.17562712  0.06835515 -0.01312462  0.12260025]
Starting bootstrap 313
0.7993113503095218
[ 0.32624356  0.33395484  0.36196263  0.4695863  -0.38565294 -0.17086082
0.46304736 -0.20014803  0.11540087  0.02577003  0.15941204]
Starting bootstrap 314
0.8001495000059354
[ 0.3172285   0.33578349  0.45721698  0.58372379 -0.31748322 -0.18235799
0.11199403 -0.16220362  0.14725387  0.05384622  0.12903753]
Starting bootstrap 315
0.7981988534735669
[ 0.27479703  0.30387741  0.43954881  0.50204661 -0.28947943 -0.17205376
0.41755828 -0.16868982  0.05513832  0.01108504  0.12081781]
Starting bootstrap 316
0.7993922875119652
[ 0.30019387  0.30701971  0.46747618  0.46980733 -0.24925891 -0.11422584
0.04420413 -0.20396475  0.06778999  0.04448832  0.13681815]
Starting bootstrap 317
0.7994464854608607
[ 0.28941419  0.31720286  0.44826197  0.49133346 -0.20809573 -0.13113426
0.09327282 -0.18082449  0.11731957  0.05431143  0.16010024]
Starting bootstrap 318
0.7993635098399854
[ 0.32200447  0.34654171  0.43975927  0.50218006 -0.30430092 -0.16509585
0.25007507 -0.14418952  0.13649521 -0.00430689  0.12552982]
Starting bootstrap 319
0.8003288808279432
[ 0.30727245  0.32206573  0.39678476  0.46495222 -0.26067022 -0.09574807
0.17081959 -0.14240932  0.11885888  0.0549785   0.15284831]
Starting bootstrap 320
0.799016499078695
[ 0.32338316  0.25653539  0.42103721  0.55138462 -0.30349663 -0.17814102
0.27169169 -0.12705414  0.02683582  0.04792148  0.11497141]
Starting bootstrap 321
0.7991722582282859
[ 0.26578689  0.36423091  0.47014307  0.53095957 -0.31239699 -0.18295624
0.12150276 -0.13574157  0.13864475  0.06224503  0.13189426]
Starting bootstrap 322
0.7993248997967457
[ 0.3483372   0.28786688  0.44499628  0.45877005 -0.27849237 -0.17059124
0.26916566 -0.06635394  0.05491051  0.07342032  0.0856409 ]
Starting bootstrap 323
0.7998705964016638
[ 0.28279507  0.34337338  0.45344358  0.48756247 -0.23581664 -0.16426054
0.11792992 -0.10100726  0.08714856  0.05024539  0.082731  ]
Starting bootstrap 324
0.7994752631328405
[ 0.3111412   0.33899379  0.40649386  0.41318659 -0.32088579 -0.15163579
0.01972235 -0.23048671  0.14833928  0.0105035   0.15835811]
Starting bootstrap 325
0.7981088033416632
[ 0.34300951  0.2885756   0.44906101  0.51900885 -0.25988122 -0.21636184
0.19544765 -0.2019628   0.0788486   0.0538207   0.14073072]
Starting bootstrap 326
0.7972234103004162
[ 3.07285717e-01  3.24131339e-01  4.71334782e-01  4.84086293e-01
-2.90923333e-01 -1.46555711e-01  4.88822942e-01 -2.58066448e-01
7.73910794e-02 -3.40700099e-04  1.58420016e-01]
Starting bootstrap 327
0.7974025513084907
[ 0.31314915  0.30309518  0.39804731  0.60117774 -0.25194917 -0.14852308
-0.27726031 -0.1791057   0.11583161  0.04449645  0.16630718]
Starting bootstrap 328
0.7973042275958929
[ 0.31971378  0.27621966  0.4383777   0.49132981 -0.28874319 -0.12382567
-0.500551   -0.12522407  0.08678703  0.00727636  0.09838799]
Starting bootstrap 329
0.796149523507701
[ 0.27190074  0.34502444  0.44636066  0.49724823 -0.22531131 -0.16206577
-0.58075112 -0.19843837  0.11119257  0.04674552  0.15526366]
Starting bootstrap 330
0.7978155109014018
[ 0.31400426  0.2927231   0.40360771  0.47995119 -0.27288247 -0.16975609
0.20698521 -0.2489808   0.10907026 -0.00240043  0.17293006]
Starting bootstrap 331
0.7976840928660272
[ 0.29465686  0.31940394  0.44836538  0.53760902 -0.2786933  -0.21559383
0.26752355 -0.19221532  0.03225419  0.02904715  0.16657257]
Starting bootstrap 332
0.7995246648030727
[ 0.30118075  0.31735146  0.46013929  0.47068327 -0.23087424 -0.16339926
0.02462394 -0.1707069   0.14722703  0.02196913  0.1106351 ]
Starting bootstrap 333
0.801066068858494
[ 0.29513863  0.30161148  0.41690344  0.47208346 -0.29425034 -0.13158911
0.03246434 -0.13493829  0.06883724  0.07959557  0.06400822]
Starting bootstrap 334
0.7970300003633182
[ 0.30647677  0.31518474  0.4455243   0.48557467 -0.28449137 -0.13720564
-0.32328878 -0.12140749  0.13272369  0.05874317  0.16838201]
Starting bootstrap 335
0.7995528429402196
[ 3.72202955e-01  2.69930783e-01  3.88297105e-01  4.86780436e-01
-2.48307546e-01 -2.01730488e-01  4.66892117e-01 -1.12273817e-02
-3.36210104e-05  0.00000000e+00  3.83849366e-02]
Starting bootstrap 336
0.800756588977744
[ 0.34082178  0.27586473  0.38808357  0.48771167 -0.32997368 -0.19319266
0.04977027 -0.12982487  0.07869617  0.04632882  0.06392963]
Starting bootstrap 337
0.7986938294316206
[ 0.31745743  0.28777326  0.44960675  0.46018043 -0.28865055 -0.16914552
0.27157849 -0.12312568  0.10242344  0.03716184  0.1071739 ]
Starting bootstrap 338
0.7969407895801806
[ 0.29029842  0.34533244  0.46194403  0.44141506 -0.23887952 -0.18820987
0.17321069 -0.25562724  0.1756758   0.0533431   0.19606671]
Starting bootstrap 339
0.7989886806624475
[ 0.27663186  0.37039935  0.41594711  0.48616195 -0.26536629 -0.17049988
0.42369362 -0.17219979  0.14104637  0.07385162  0.13216688]
Starting bootstrap 340
0.7986718864567359
[ 0.38213762  0.30651058  0.49970592  0.42085413 -0.26316697 -0.18517282
0.03887882 -0.17020258  0.11975172  0.05200693  0.15399274]
Starting bootstrap 341
0.7993484015621959
[ 0.27759676  0.37677654  0.48083856  0.47948989 -0.18830602 -0.12727707
0.06792688 -0.13408299  0.06983117  0.11022846  0.11123937]
Starting bootstrap 342
0.7992227390612172
[ 0.299545    0.30436363  0.4333745   0.44931603 -0.28305872 -0.21298557
0.03340339 -0.14362346  0.09869133  0.07603471  0.08197437]
Starting bootstrap 343
0.7985952659050894
[ 0.35002907  0.42320103  0.48172159  0.57389132 -0.28472819 -0.22199327
0.41897551 -0.2180631   0.21037551  0.05865831  0.15145488]
Starting bootstrap 344
0.7979703107952603
[ 0.26586259  0.36828328  0.44650162  0.48837757 -0.22643317 -0.16746289
0.24364571 -0.20462058  0.10387545  0.0362776   0.19534141]
Starting bootstrap 345
0.79944264843793
[ 0.29184983  0.30721967  0.40508564  0.43247078 -0.28608013 -0.1619198
0.07464664 -0.19514906  0.13278326  0.04552114  0.16418219]
Starting bootstrap 346
0.7977905702523526
[ 0.33630767  0.29019227  0.43457409  0.45659269 -0.26897193 -0.20861176
0.26560211 -0.21001483  0.13201302  0.04399652  0.1732933 ]
Starting bootstrap 347
0.7995040408048204
[ 0.29707673  0.346366    0.38343069  0.43680773 -0.33935077 -0.17108043
0.07726166 -0.20765464  0.1132989   0.03833921  0.10487377]
Starting bootstrap 348
0.7996629175355425
[ 0.34867725  0.29748076  0.42565615  0.51686321 -0.30021253 -0.10826144
0.57757941 -0.19721879  0.13833936  0.0525344   0.1406036 ]
Starting bootstrap 349
0.7989497108983081
[0.3095476   0.31800107  0.47728156  0.49686297 -0.29180053 -0.18165155
0.14178149 -0.16899135  0.08494951  0.06427634  0.10531348]
Starting bootstrap 350
0.799930909605855
[ 0.3288437   0.30218279  0.39426907  0.38934273 -0.31012625 -0.17600003
0.01711105 -0.13945328  0.11384938  0.06726195  0.07647617]
Starting bootstrap 351
0.7998767116569597
[ 0.29919374  0.31205661  0.41004399  0.51119132 -0.27331155 -0.11755981
0.16672595 -0.12074368  0.04408748 -0.01998105  0.07725627]
Starting bootstrap 352
0.7986257222746017
[ 0.32454151  0.32361282  0.44688881  0.48337883 -0.31033074 -0.11759976
0.32068918 -0.21733016  0.17151525 -0.00825608  0.16430367]
Starting bootstrap 353
0.7983959805266291
[ 0.32400202  0.29940301  0.49220263  0.48449576 -0.25429731 -0.15642112
0.29191704 -0.13211586  0.09911384  0.0483137   0.05238827]
Starting bootstrap 354
0.7981622818487591
[ 0.271064    0.32850641  0.45307769  0.50133117 -0.24485327 -0.1848125
0.04761785 -0.23354801  0.10789042  0.07187353  0.23533159]
Starting bootstrap 355
0.7957335662406253
[ 0.26730208  0.33752429  0.44570915  0.51591623 -0.24043337 -0.18761415
-0.08402512 -0.34015718  0.14940481  0.07614155  0.27344207]
Starting bootstrap 356
0.7969180072565297
[ 0.2809223   0.31668785  0.54883362  0.47517559 -0.22496574 -0.13276754
0.18607042 -0.13720776  0.10145041  0.05945838  0.10112978]
Starting bootstrap 357
0.7996231084226372
[ 0.32285184  0.28979454  0.39688938  0.47062576 -0.36901012 -0.12559706
0.12530445 -0.20612939  0.14395883  0.03534997  0.16207806]
Starting bootstrap 358
0.7996791049760311
[ 0.32187685  0.2972066   0.35904665  0.41505443 -0.33209751 -0.18598789
0.02664742 -0.18737354  0.16311928  0.08620513  0.11375732]
Starting bootstrap 359
0.7969236428839592
[ 0.27353924  0.35926647  0.53051472  0.48267192 -0.27701079 -0.14815681
0.32214524 -0.20971703  0.07862351  0.03849727  0.16054291]
Starting bootstrap 360
0.7997997313844135
[ 0.31184009  0.33408377  0.45426312  0.54562601 -0.292787   -0.16597855
0.42603007 -0.12337108  0.08662599  0.06365938  0.09299293]
Starting bootstrap 361
0.7982600060265241
[ 0.30221664  0.29624097  0.43655692  0.4689821  -0.30865366 -0.14534238
0.20708277 -0.22477726  0.1227901   0.05265812  0.17592569]
Starting bootstrap 362
0.7982919012796352
[ 0.27032464  0.33710739  0.47150355  0.50759661 -0.23614106 -0.1302007
0.12728588 -0.19307838  0.09747468 -0.01553105  0.17983258]
Starting bootstrap 363
0.7983962203405621
[ 0.28612465  0.34505181  0.44969945  0.39838987 -0.38906863 -0.17559575
0.0391563  -0.1232697   0.06516303  0.00250493  0.07707691]
Starting bootstrap 364
0.8002601741360913
[ 0.26854313  0.33380037  0.42218383  0.4327258  -0.29250761 -0.15570087
0.05501299 -0.05435023  0.02787421  0.07872859 -0.01139976]
Starting bootstrap 365
0.8009970024457426
[ 0.31072754  0.31607419  0.40760235  0.48615902 -0.31679234 -0.16011656
0.04443379 -0.15285392  0.10545424  0.04135362  0.15028473]
Starting bootstrap 366
0.8005838030388982
[ 0.32178642  0.30471462  0.39650458  0.49294405 -0.2277682  -0.14404619
0.17972765 -0.11365554  0.07016699  0.05206708  0.12822722]
Starting bootstrap 367
0.7975975200361544
[ 0.35908527  0.28910575  0.4497484   0.52593962 -0.29152438 -0.18890536
0.26232916 -0.26209182  0.13436638  0.00074538  0.15209281]
Starting bootstrap 368
0.7972874406205712
[ 0.28455969  0.34627329  0.43375326  0.51846339 -0.35060094 -0.1658322
0.3293079  -0.27627724  0.08751815  0.03094243  0.20839751]
Starting bootstrap 369
0.7966741164865004
[ 0.26000347  0.32626421  0.43476926  0.48789567 -0.31777186 -0.21112414
0.28470139 -0.17149183  0.08633444 -0.03763259  0.09281545]
Starting bootstrap 370
0.8004107772861193
[ 0.30918587  0.306361    0.44574833  0.572704   -0.32508533 -0.09466736
0.17602581 -0.11356885  0.06765024  0.06867623  0.10468885]
Starting bootstrap 371
0.7993001989616295
[ 0.30863788  0.32456271  0.42543825  0.4679236  -0.22989935 -0.15261215
0.09211719 -0.20959235  0.17067149  0.03082443  0.14969961]
Starting bootstrap 372
0.7985666081400762
[ 0.30129732  0.31793399  0.41197768  0.48693011 -0.25561911 -0.13755019
0.27358882 -0.23187158  0.20457252  0.03063563  0.18248196]
Starting bootstrap 373
0.7978481255963124
[ 0.33186192  0.3022994   0.4606044   0.4528252  -0.28728333 -0.20874919
0.56769198 -0.15651099  0.12390629  0.0492733   0.10908932]
Starting bootstrap 374
0.8017526561491469
[ 0.28411116  0.33818038  0.36233885  0.43489877 -0.31063951 -0.1456977
0.04815059 -0.02669153  0.          0.06463164  0.        ]
Starting bootstrap 375
0.7971975103956342
[ 0.30028197  0.32410228  0.55471847  0.46175173 -0.28080974 -0.17670238
0.09658576 -0.17220112  0.13995677  0.05348317  0.14967702]
Starting bootstrap 376
0.798434590569868
[ 0.28398497  0.31333589  0.4600111   0.51789178 -0.27524662 -0.17701018
0.13136889 -0.21215364  0.12986102  0.07880938  0.1468641 ]
Starting bootstrap 377
0.8008330896224238
[ 0.29701174  0.33622808  0.36830977  0.47074111 -0.39257042 -0.12532494
0.0439973  -0.13876257  0.11393793  0.03037348  0.0193939 ]
Starting bootstrap 378
0.7997559653416106
[ 0.34870483  0.32307768  0.44855089  0.46895501 -0.26443064 -0.19364115
0.09843717 -0.14269609  0.05400367  0.02882016  0.06046833]
Starting bootstrap 379
0.8020924724924425
[ 0.30128036  0.33410028  0.37074367  0.46811694 -0.29066449 -0.15287321
0.03215416 -0.09001552  0.04913192  0.03885293  0.07510521]
Starting bootstrap 380
0.799922276304261
[ 0.3216201   0.31621131  0.44673162  0.42864977 -0.28676673 -0.17133466
0.04215135 -0.13974721  0.05521156  0.0263614   0.06259781]
Starting bootstrap 381
0.7980103597220989
[ 0.2917918   0.33936564  0.42739705  0.44289676 -0.26886489 -0.1541006
0.19167314 -0.22555911  0.10826701  0.0876135   0.1832682 ]
Starting bootstrap 382
0.7974948796727593
[ 0.25263816  0.34212525  0.42239206  0.43302206 -0.26797339 -0.1657868
0.48203704 -0.21686206  0.14280394  0.02479297  0.17922093]
Starting bootstrap 383
0.7983739176447779
[ 0.30118943  0.34474443  0.45480749  0.51222079 -0.26563884 -0.19909547
0.6098991  -0.18438177  0.15208505  0.04800325  0.12641934]
Starting bootstrap 384
0.7975629868297787
[ 3.13804991e-01  3.10425576e-01  4.38335877e-01  4.63530565e-01
-2.78985223e-01 -1.62658896e-01  2.35928041e-01 -2.19151404e-01
6.98392283e-02 -2.20453128e-04  2.06686798e-01]
Starting bootstrap 385
0.7988322020710571
[ 0.28979515  0.35163658  0.43683903  0.46372432 -0.30848483 -0.17908612
0.26282872 -0.12626949  0.10380054  0.06014188  0.04719644]
Starting bootstrap 386
0.7986409504593576
[ 0.28798368  0.2981986   0.37873456  0.58024113 -0.25370207 -0.17013518
0.32148653 -0.18190902  0.07770917  0.05858099  0.15735849]
Starting bootstrap 387
0.7967274750866298
[ 0.34023658  0.28597779  0.48139784  0.45610288 -0.26157653 -0.12689442
0.42126687 -0.2659761   0.2066212   0.01642183  0.17666815]
Starting bootstrap 388
0.7991678216705222
[ 0.33364125  0.29523102  0.50022688  0.53171214 -0.240352   -0.18895007
0.09038755 -0.12328587  0.09599828  0.09422683  0.08805599]
Starting bootstrap 389
0.79976651715467
[ 0.32468054  0.31941617  0.39352461  0.41828359 -0.30724205 -0.1531361
0.04440307 -0.21547573  0.16169622  0.06931983  0.19104187]
Starting bootstrap 390
0.8023544692144259
[ 0.31122798  0.31870708  0.34048285  0.48992498 -0.33045282 -0.15213173
0.05136661  0.          0.          0.04926887  0.03960218]
Starting bootstrap 391
0.795320366833781
[ 0.32223225  0.31107507  0.49085098  0.51293889 -0.30715696 -0.17493435
-0.43874335 -0.23809658  0.1392239   0.00751524  0.13044615]
Starting bootstrap 392
0.7987654138906706
[ 0.32317241  0.28927811  0.45881531  0.43949754 -0.2424067  -0.16129134
0.03349253 -0.21089994  0.10326181  0.02868584  0.1868971 ]
Starting bootstrap 393
0.7965979755627205
[ 0.34357999  0.30631353  0.40988927  0.49215293 -0.25425303 -0.1633268
-0.39474621 -0.24070004  0.18929009  0.03341643  0.21831887]
Starting bootstrap 394
0.7964169160431804
[ 0.26177764  0.357747    0.39323507  0.49553303 -0.3159699  -0.20739923
-0.33535691 -0.18304238  0.1190166   0.07025282  0.14104107]
Starting bootstrap 395
0.797835295550888
[ 0.34932309  0.27932574  0.44580034  0.47972622 -0.32430173 -0.17870645
0.18833878 -0.2311178   0.14757398  0.02644431  0.11568086]
Starting bootstrap 396
0.7982836276989409
[ 0.30924434  0.30147051  0.42172003  0.55393682 -0.24463372 -0.20895085
0.4851156  -0.14714415  0.11676723  0.          0.14739314]
Starting bootstrap 397
0.7982667208166527
[ 0.30901291  0.30038352  0.38862599  0.45745553 -0.26544232 -0.18576404
0.22598335 -0.20173649  0.08830354  0.02512153  0.21375214]
Starting bootstrap 398
0.7995661526135104
[ 0.34378185  0.29265128  0.44876261  0.52988905 -0.23331239 -0.11971351
0.20864709 -0.17146174  0.08461791  0.0560055   0.11813153]
Starting bootstrap 399
0.798641669901157
[ 0.30130671  0.30454067  0.46344004  0.4968418  -0.27919268 -0.17612703
0.11789586 -0.20861807  0.12120528  0.07305678  0.1535543 ]
Starting bootstrap 400
0.7990519915408034
[ 0.32198339  0.34520652  0.43198279  0.52364881 -0.35399775 -0.1740148
0.13250078 -0.23130435  0.08245745  0.04832003  0.11355543]
Starting bootstrap 401
0.7999546511852383
[ 0.33971813  0.31478679  0.43056188  0.51766902 -0.2856092  -0.15065389
0.12878272 -0.20953072  0.14806229  0.03705904  0.17137163]
Starting bootstrap 402
0.7943587129617871
[ 0.21923719  0.3416522   0.34891637  0.56065496 -0.3157979  -0.21540478
-0.52794516 -0.19885093  0.19388262  0.00997317  0.14363669]
Starting bootstrap 403
0.7989977935919079
[ 0.28181511  0.36247095  0.44717845  0.56291962 -0.26170917 -0.16399662
0.27263186 -0.18488212  0.14290152  0.06934586  0.17168159]
Starting bootstrap 404
0.7981288278050825
[ 0.32049791  0.32182706  0.41559219  0.56512054 -0.27295111 -0.15268141
-0.40671401 -0.13915328  0.12244763  0.05630367  0.12947584]
Starting bootstrap 405
0.7989979134988746
[ 0.39648231  0.28396258  0.41293967  0.43166427 -0.37046951 -0.08782968
0.38294733 -0.17046872  0.11673922  0.0313875   0.08590488]
Starting bootstrap 406
0.8003270822234446
[ 0.32035999  0.32990427  0.42741161  0.44453172 -0.23298398 -0.12814549
0.061265   -0.17069193  0.12721271  0.06378997  0.12859429]
Starting bootstrap 407
0.8001224010314877
[ 0.3554572   0.29307564  0.3988084   0.44845099 -0.24591076 -0.1440168
0.09429936 -0.19591027  0.13687786  0.0443371   0.14838687]
Starting bootstrap 408
0.8012989281875978
[ 0.32011636  0.32353661  0.37494517  0.47388536 -0.29179509 -0.15588228
0.05992139 -0.16582183  0.11693589  0.04238781  0.13322313]
Starting bootstrap 409
0.7996341398635627
[ 0.25688992  0.38016735  0.47652878  0.5249766  -0.32340301 -0.16802389
0.03828953 -0.18093248  0.1010679   0.04185535  0.07713646]
Starting bootstrap 410
0.7975453605056908
[ 0.31331755  0.30432698  0.51382607  0.45130877 -0.25585458 -0.14111185
0.14458155 -0.19100265  0.14258375  0.0674539   0.14919679]
Starting bootstrap 411
0.79808470204138
[ 0.29766177  0.32841045  0.42020246  0.56350595 -0.34858353 -0.15714143
-0.27672487 -0.10312844  0.09047697  0.05157166  0.09225183]
Starting bootstrap 412
0.7994461257399609
[ 0.32672202  0.3223789   0.45500062  0.52538328 -0.23512664 -0.16584534
0.03760987 -0.24789228  0.14258687  0.06157505  0.1726649 ]
Starting bootstrap 413
0.8009816543540198
[ 0.36435591  0.30814786  0.42665015  0.46349785 -0.32222436 -0.16211116
0.05099567 -0.03856908  0.0496827   0.05174085 -0.03540519]
Starting bootstrap 414
0.8011918512664394
[ 0.32951273  0.32825095  0.35702861  0.44108146 -0.33584006 -0.19164452
0.0420081  -0.10833695  0.09392754  0.06028355  0.08287961]
Starting bootstrap 415
0.798610374182879
[ 0.26967714  0.29533013  0.43632182  0.46311885 -0.28642345 -0.13320693
0.1411305  -0.19778147  0.11578677  0.05719803  0.13960327]
Starting bootstrap 416
0.8000708410358571
[ 0.2970613   0.33603287  0.37185626  0.46381612 -0.31304009 -0.19366789
0.04501451 -0.19732549  0.11919281  0.07906632  0.13090417]
Starting bootstrap 417
0.7951969825651674
[ 0.288659    0.33181972  0.48227936  0.39946082 -0.30216217 -0.14556979
0.30188682 -0.15131238  0.11598711 -0.08838576  0.11089317]
Starting bootstrap 418
0.7991750160885173
[ 0.2815847   0.3052212   0.43507498  0.45995043 -0.38157407 -0.16337096
0.04835352 -0.17489878  0.10898506  0.07886476  0.11049756]
Starting bootstrap 419
0.7996714309301699
[ 0.34395652  0.32467636  0.43922914  0.50996888 -0.27027072 -0.17551882
0.16702709 -0.18312315  0.1084627   0.03618883  0.13075258]
Starting bootstrap 420
0.7970206476199246
[ 0.24800152  0.31815163  0.51132106  0.44446128 -0.30397688 -0.15085128
0.05254361 -0.17554997  0.05148704  0.00688471  0.02445126]
Starting bootstrap 421
0.8010739827182886
[ 0.3194009   0.29899823  0.40632165  0.54700331 -0.26433622 -0.18618017
0.05046087 -0.11311275  0.06391204  0.04964557  0.0991602 ]
Starting bootstrap 422
0.799563035032379
[ 0.34935551  0.26244605  0.36897016  0.40005614 -0.20666464 -0.18829054
0.05075157 -0.14512567  0.07593845  0.06285988  0.1498409 ]
Starting bootstrap 423
0.7980026856762374
[ 0.30467974  0.3175304   0.46625546  0.52263016 -0.31462116 -0.15862375
0.27092345 -0.24594701  0.14750452  0.07249785  0.19718957]
Starting bootstrap 424
0.7992963619386989
[ 0.28049591  0.34640933  0.48475769  0.51708892 -0.257983   -0.13503794
-0.00971102 -0.23079301  0.11584963  0.06477928  0.18562914]
Starting bootstrap 425
0.7976821743545619
[ 0.32493231  0.29925653  0.47276444  0.56504686 -0.36283281 -0.17013942
-0.11585149 -0.26599185  0.17443589  0.04302269  0.14830048]
Starting bootstrap 426
0.8003359553389717
[ 0.28216889  0.32111627  0.43025567  0.5080904  -0.24702666 -0.11116827
0.03045732 -0.20059239  0.12673845  0.01768513  0.16990477]
Starting bootstrap 427
0.7970238851080224
[ 0.2922823   0.30204289  0.4961593   0.45834959 -0.27083662 -0.12443559
0.27297589 -0.10984152  0.05794824 -0.05418275  0.09155027]
Starting bootstrap 428
0.7981560466864969
[ 0.28406378  0.32206666  0.43338465  0.49904694 -0.33007471 -0.20271085
0.12526699 -0.23457724  0.14096844  0.02940409  0.14250709]
Starting bootstrap 429
0.7989943162898769
[ 0.26695246  0.33945661  0.43223237  0.48019004 -0.3124261  -0.10670458
0.14798688 -0.16926261  0.04952052  0.06908159  0.16177951]
Starting bootstrap 430
0.796229381547445
[ 0.34733688  0.28368896  0.48237613  0.51014859 -0.2429065  -0.15386716
-0.23337233 -0.19103318  0.14655328  0.06034109  0.15558346]
Starting bootstrap 431
0.8004161730996155
[ 0.28524879  0.32536538  0.39847974  0.46671335 -0.35491505 -0.20213471
0.03195672 -0.06217811  0.04338919  0.04693906 -0.01318078]
Starting bootstrap 4320.7980580826947987[ 0.32351304  0.33964211  0.45920846  0.46411675 -0.30293392 -0.15850179
0.29588205 -0.24387074  0.15359347  0.03417207  0.13974328]Starting bootstrap 4330.7995787428450014[ 0.33795737  0.31645577  0.40046057  0.54414138 -0.27595733 -0.19837874
0.48377505 -0.13331081  0.11515753  0.10532074  0.08950005]Starting bootstrap 4340.7999896640194806[ 0.31270746  0.30560615  0.38918874  0.49079207 -0.3735918  -0.16391218
0.06349881 -0.19665017  0.07897469  0.06895462  0.08859882]Starting bootstrap 4350.8001063334979657[ 0.29824669  0.33747853  0.41337414  0.4220382  -0.33183278 -0.15315118
0.02480387 -0.14475298  0.15823757  0.05904565  0.11358462]Starting bootstrap 4360.8005164153236788[ 0.3189566   0.27615482  0.38277307  0.49599663 -0.32583128 -0.19083099
0.04316177 -0.1469824   0.06827847  0.02666313  0.10126623]Starting bootstrap 4370.7987296816146289[ 0.28237474  0.32402467  0.4727191   0.40588074 -0.28976149 -0.16323018
0.07343386 -0.10984361  0.03414528  0.0269815   0.05779592]Starting bootstrap 4380.7984149258273491[ 0.28939432  0.311486    0.41114166  0.55002219 -0.27836539 -0.1085878
0.15575356 -0.24801163  0.10452174 -0.00831922  0.18266508]Starting bootstrap 4390.8001608911677609[ 0.31681092  0.34118257  0.40960589  0.39533445 -0.30680416 -0.13870445
0.06086443 -0.13149999  0.08173809  0.05921295  0.10560809]Starting bootstrap 4400.7975990788267199[ 0.31608411  0.3256119   0.43630441  0.48899588 -0.24866047 -0.18165259
0.16344625 -0.28979955  0.21338995  0.04519249  0.23098269]Starting bootstrap 4410.8021772467178165[ 0.31035744  0.31927107  0.38815851  0.52970426 -0.27722733 -0.12844489
0.03409138 -0.11499596  0.06679791  0.06277674  0.11852084]Starting bootstrap 4420.7983909444340327[ 0.29408773  0.31839328  0.42219017  0.39488714 -0.30457155 -0.08767675
0.43201469 -0.17650072  0.08128773  0.06579934  0.11219435]Starting bootstrap 4430.7985668479540093[ 0.28309659  0.30233771  0.43744812  0.45120296 -0.36439756 -0.1908302
0.04927274 -0.18603615  0.1057751   0.08570487  0.07439138]Starting bootstrap 4440.7993847333730705[ 0.28421282  0.29547117  0.45929085  0.55887428 -0.34103514 -0.20150046
0.11285507 -0.07401468  0.07099076  0.07720054  0.06902331]Starting bootstrap 4450.7982216357972175[ 0.27420901  0.34859467  0.44201113  0.38229788 -0.26469706 -0.18271722
0.0345602  -0.16737274  0.08426262  0.01828144  0.14419575]Starting bootstrap 4460.7990775317246853[ 0.28925733  0.37994685  0.46119746  0.48599474 -0.37766947 -0.17164541
0.15277758 -0.06064282  0.08229176  0.08497858 -0.02930504]Starting bootstrap 4470.8010778197412192[ 0.28518285  0.34836643  0.37515219  0.40603456 -0.31673807 -0.1181865
0.04027105 -0.12034861  0.07608266  0.04102842  0.10337491]Starting bootstrap 4480.7991957599937362[ 0.27206968  0.33818721  0.41905778  0.46033967 -0.30211096 -0.15469333
0.13519953 -0.1619436   0.14009512  0.06916256  0.0839253 ]Starting bootstrap 4490.7995840187515312[ 0.31121896  0.30430823  0.41310555  0.47953408 -0.24333229 -0.18510483
0.05046571 -0.20444864  0.13830711  0.09379575  0.1591013 ]Starting bootstrap 4500.7966945006708195[ 0.28409115  0.30976079  0.44162434  0.43858676 -0.30850639 -0.14895493
0.27209564 -0.28678285  0.14455301  0.04756058  0.18282412]Starting bootstrap 4510.7996339000496294[ 0.31293045  0.3265987   0.37606969  0.49556846 -0.34761184 -0.21844987
0.06116304 -0.2080087   0.09492061  0.04776189  0.18042609]Starting bootstrap 4520.7996154343767756[ 0.30734112  0.35565791  0.42387505  0.50269962 -0.31524925 -0.16481343
0.24895086 -0.12684219  0.1471825   0.04554968  0.07223644]Starting bootstrap 4530.79808014557665[ 0.2820334   0.31655022  0.46656285  0.53275262 -0.26884638 -0.16039378
0.33670779 -0.21488791  0.10626024  0.04095573  0.17758065]Starting bootstrap 4540.7995015227585222[ 0.36352439  0.31486553  0.38898271  0.47901419 -0.24925145 -0.15353617
0.41764064 -0.19976919  0.1450553   0.00949676  0.15439229]Starting bootstrap 4550.7990298087519856[ 0.33484932  0.32683371  0.45557172  0.54831568 -0.20970743 -0.16340188
0.47153469 -0.18836897  0.13528143  0.056086    0.1519419 ]Starting bootstrap 4560.8018548168846755[ 0.29193404  0.30753537  0.35707834  0.44100476 -0.31838283 -0.13800531
0.04376491  0.          0.02651917  0.08078807  0.00192197]Starting bootstrap 4570.7992214200845846[ 0.28996143  0.29147427  0.39391418  0.41873246 -0.30969193 -0.20461996
0.03688387 -0.17519842  0.10403482  0.02222128  0.11840491]Starting bootstrap 4580.8000198805750595[ 0.27358174  0.34809756  0.37604508  0.43805629 -0.34722195 -0.20687078
0.02801386 -0.12362072  0.11542967  0.05649758  0.06821289]Starting bootstrap 4590.7977941674613502[ 0.27150723  0.31895468  0.44715268  0.4751856  -0.31825287 -0.17627389
0.1877228  -0.20743975  0.16243928  0.04774583  0.13150068]Starting bootstrap 4600.7987703300763004[ 0.30354717  0.32943059  0.53117636  0.50979055 -0.22046364 -0.13300567
0.11766395 -0.12077411  0.05966929  0.04131466  0.04609244]Starting bootstrap 4610.7982379431446729[ 0.34600636  0.3034674   0.49539624  0.52974506 -0.30560744 -0.16180911
0.39088234 -0.22358963  0.09887027  0.03379203  0.15124841]Starting bootstrap 4620.7992763374752798[ 0.30102156  0.32404273  0.46617246  0.55633839 -0.2464893  -0.14395151
0.12387131 -0.20809461  0.11981008  0.07595705  0.17338213]Starting bootstrap 4630.7986038992066836[ 0.32966598  0.33902111  0.44471158  0.45922851 -0.22119241 -0.15363036
0.28401049 -0.16360695  0.14778942  0.04029581  0.20142431]Starting bootstrap 4640.7991218973023211[ 0.30368714  0.39709995  0.40333511  0.50781963 -0.29497918 -0.19809014
0.33415165 -0.17844194  0.08304701  0.04616403  0.18692279]Starting bootstrap 4650.7976051940820156[ 2.92971804e-01  3.39260381e-01  5.43326026e-01  5.10298613e-01
-2.47738120e-01 -2.13272229e-01 -1.40179075e-02 -1.75253260e-01
1.41582230e-01  3.92821419e-05  1.40148679e-01]Starting bootstrap 4660.800318329014884[ 0.30011028  0.29719326  0.43198025  0.45644702 -0.30434372 -0.17265511
0.03636709 -0.10877175  0.02480501  0.03469465  0.06664497]Starting bootstrap 4670.7991952803658697[ 0.26274131  0.34547547  0.42572396  0.55449422 -0.36612561 -0.2141136
0.05868657 -0.20074668  0.129668    0.02693982  0.14920491]Starting bootstrap 4680.798816134537535[ 0.34330393  0.31152795  0.50513148  0.47819615 -0.32211141 -0.15576223
0.12339842 -0.17435492  0.07746883  0.02582125  0.10196213]Starting bootstrap 4690.7988883185314178[ 0.30038877  0.32815698  0.4779765   0.50007926 -0.33084044 -0.13587778
0.30053798 -0.16133093  0.08132313  0.03211086  0.07491035]Starting bootstrap 4700.7986085755783802[ 0.26135798  0.36029258  0.43506603  0.48689931 -0.26334732 -0.206435
0.18649195 -0.11833878  0.09491762  0.02522539  0.08027068]Starting bootstrap 4710.7977191057002694[ 0.31323543  0.29319128  0.39368397  0.40305155 -0.24325243 -0.16287964
0.07399838 -0.22858202  0.16955681  0.06891367  0.27851418]Starting bootstrap 4720.8016283126248007[ 0.28919465  0.32464702  0.38360033  0.46705695 -0.29665039 -0.13857375
0.0490727  -0.09158326  0.07045741  0.0085066   0.0925529 ]Starting bootstrap 4730.8001730017713856[ 0.32011945  0.33989168  0.47436668  0.50837124 -0.32472792 -0.20289702
0.07391934 -0.08042833  0.03546655  0.02942613  0.05994997]Starting bootstrap 4740.797667785518572[ 0.30905344  0.32306028  0.49544004  0.503018   -0.30601247 -0.19134303
0.18097066 -0.20411597  0.08537059  0.04574309  0.07092803]Starting bootstrap 4750.8004805631406705[ 0.28869313  0.32389468  0.40094578  0.463947   -0.27708236 -0.17010126
0.02628915 -0.16761008  0.06462624  0.04494697  0.09414361]Starting bootstrap 4760.7980246286511222[ 0.27084382  0.34118895  0.41430225  0.46988453 -0.29140812 -0.2062293
0.33112181 -0.15339444  0.01983768  0.06253578  0.12670497]Starting bootstrap 4770.7995633947532788[ 0.31184218  0.33656293  0.4336418   0.52755637 -0.34154466 -0.15803939
0.25917279 -0.13436666  0.12697194  0.05664801  0.05257453]Starting bootstrap 4780.7978589172233048[ 0.30045853  0.33693268  0.43160397  0.48914837 -0.35614153 -0.12951134
0.30095109 -0.27527186  0.17562676  0.04119274  0.16086743]Starting bootstrap 4790.7986097746480462[ 0.3286181   0.38387924  0.46503321  0.50890594 -0.24849408 -0.1689553
  0.19436866 -0.22323471  0.14788745 -0.00964918  0.13772674]Starting bootstrap 4800.7986070167878146[ 0.33246292  0.33805656  0.42544055  0.42035161 -0.26645549 -0.1429061
  0.07284256 -0.25261469  0.09304771  0.01517026  0.17304856]Starting bootstrap 4810.7980423748821764[ 0.35568033  0.32198909  0.41528527  0.48800267 -0.30274452 -0.14453381
 -0.22556611 -0.20625115  0.10803593  0.04263249  0.15705142]Starting bootstrap 4820.8021845610427781[ 0.28734972  0.31160959  0.37606688  0.46753505 -0.30997826 -0.10191641
  0.          0.          0.          0.00677668  0.00372145]Starting bootstrap 4830.7983981388520275[ 0.32543065  0.31922545  0.44046747  0.49422447 -0.21921604 -0.23166827
  0.31686416 -0.11821069  0.0410235   0.04385301  0.10483844]Starting bootstrap 4840.8002301973944456[ 0.30683944  0.32431644  0.43935654  0.55398331 -0.24459725 -0.11244368
  0.1422326  -0.1567408   0.07122406  0.05036823  0.13704025]Starting bootstrap 4850.7987092974303097[ 0.27086578  0.33991314  0.4614003   0.51801628 -0.31002049 -0.14630519
  0.18829    -0.18485429  0.10878061  0.04863653  0.07978032]Starting bootstrap 4860.8011796207558479[ 0.35809411  0.28583859  0.37708361  0.42948866 -0.19656082 -0.15020577
  0.         -0.06962518  0.          0.          0.08432018]Starting bootstrap 4870.79876613333247[ 0.28345055  0.3240514   0.4027978   0.46873814 -0.31046968 -0.1360735
  0.39026682 -0.19043238  0.14318327  0.10169744  0.18843691]Starting bootstrap 4880.7981801479867799[ 0.24837611  0.34982131  0.45753399  0.5441079  -0.25520124 -0.14233729
  0.16457119 -0.21953377  0.16048694  0.03930525  0.15721137]Starting bootstrap 4890.7988355594661216[ 0.29749775  0.3188988   0.43683599  0.44434324 -0.30696551 -0.16650585
  0.16366714 -0.16587772  0.07428118  0.03914503  0.10811893]Starting bootstrap 4910.7995847381933305[ 0.32246673  0.33285239  0.37002099  0.54683472 -0.27647705 -0.15942594
  0.13592389 -0.19674377  0.19896413  0.03832893  0.13600745]Starting bootstrap 4920.8003917120784325[ 0.28406829  0.38050044  0.38257986  0.49204005 -0.25017087 -0.17519946
  0.18397358 -0.08744563  0.07489189  0.03448419  0.10775704]Starting bootstrap 4930.8010086334215009[ 0.30810984  0.29440224  0.41810386  0.43528695 -0.26228437 -0.13214523
  0.05776894  0.          0.00337274  0.02322771  0.00293849]Starting bootstrap 4940.7980567637181664[ 0.31492366  0.3890306   0.44840877  0.50267624 -0.19905962 -0.17341184
  0.37963075 -0.18315446  0.20617716  0.09823064  0.22227418]Starting bootstrap 4950.7991172209306243[ 0.2872469   0.31711623  0.42269705  0.4700365  -0.22988235 -0.15535683
  0.30206583 -0.13631486  0.10244138  0.01298494  0.1386981 ]Starting bootstrap 4960.7965293887778351[ 0.27030938  0.34780155  0.48169716  0.45891938 -0.22224821 -0.20529265
  0.20636676 -0.2098213   0.10530009  0.06443415  0.16375826]Starting bootstrap 4970.7992573921745596[ 0.28009131  0.34097851  0.40033719  0.487954   -0.24917221 -0.16118421
  0.22786492 -0.17137051  0.08460281  0.0143797   0.1558485 ]Starting bootstrap 4980.7991612267873602[ 0.30352076  0.35456101  0.46912039  0.54153073 -0.23362951 -0.13769712
  0.33238503 -0.17563099  0.10692854  0.04123634  0.17160949]Starting bootstrap 4990.7977860137876224[ 0.29330663  0.30930884  0.46745408  0.55175246 -0.29562583 -0.17991205
  0.26849469 -0.19658876  0.19031897  0.08022638  0.13656794]Starting bootstrap 5000.7988473103488466[ 0.29283771  0.33983661  0.44912614  0.56874815 -0.24849447 -0.12411375
  0.10720995 -0.26597309  0.19477057  0.08198268  0.22420686]Starting bootstrap 5010.7985925080448582[ 0.33817146  0.30232246  0.45182328  0.41229051 -0.25101668 -0.19404869
  0.07397416 -0.14686261  0.12802416  0.03060364  0.09975089]Starting bootstrap 5020.8011237441094203[ 0.31045304  0.33015463  0.33405737  0.4345302  -0.31499722 -0.1944793
  0.02360465 -0.12720384  0.08269415  0.05879371  0.08574799]Starting bootstrap 5030.7950244364402547[ 0.28300911  0.31015094  0.39322315  0.49701307 -0.26000485 -0.18967098
 -0.40642754 -0.28090079  0.13515219  0.02079673  0.22186056]Starting bootstrap 5050.7964614015277827[ 0.31090268  0.35958933  0.54138762  0.44965432 -0.24649741 -0.19662419
  0.24227634 -0.1844208   0.13441925  0.06272364  0.11308086]Starting bootstrap 5060.7965841862615634[ 0.30515542  0.30618323  0.45760018  0.43925287 -0.27935105 -0.19814407
  0.21215342 -0.23654567  0.13940413  0.01271504  0.21837992]Starting bootstrap 5070.7996898966030237[ 0.28299895  0.31656663  0.39231661  0.48933376 -0.22949063 -0.17789695
  0.04770898 -0.18441194  0.17010158  0.06148922  0.21433397]Starting bootstrap 5080.8002457853001015[ 0.28303436  0.38503537  0.42385998  0.40299166 -0.28869798 -0.12975533
  0.0163749  -0.09022434  0.          0.01275086  0.00494532]Starting bootstrap 5090.79746574227988[ 0.27210865  0.33089823  0.47169467  0.53818664 -0.29806771 -0.12829444
  0.41020659 -0.26144269  0.15959441  0.040646    0.15099728]Starting bootstrap 5100.8007359649794917[ 0.28540269  0.32477885  0.42567631  0.51965576 -0.2734033  -0.16258306
  0.02040083 -0.13585634  0.0914406   0.04285623  0.16890022]Starting bootstrap 5110.7986156500894086[ 0.32124756  0.31691727  0.40647555  0.51927667 -0.28852997 -0.08405327
 -0.46645515 -0.13019341  0.05457475  0.02978668  0.09467233]Starting bootstrap 5120.7986131320431105[ 0.2888526   0.33796733  0.49002691  0.41223258 -0.28558197 -0.156415
  0.05898306 -0.12067598  0.03408074  0.06963583  0.0778182 ]Starting bootstrap 5130.7986757234796665[ 0.33464275  0.31485098  0.45277675  0.46622096 -0.2500577  -0.17456062
  0.24166603 -0.15716085  0.0523169   0.07629662  0.14462164]Starting bootstrap 5140.7992015155281319[ 0.35280265  0.2854699   0.42285224  0.51559816 -0.22882315 -0.14080595
  0.26014241 -0.20622633  0.12907016  0.03082708  0.15751417]Starting bootstrap 5150.7989046258788732[ 0.30679816  0.30270724  0.43451484  0.55576042 -0.29802296 -0.14893079
  0.10091057 -0.27179991  0.20125858  0.05164645  0.21180788]Starting bootstrap 5160.7984806348450364[ 0.29845513  0.33114454  0.48723821  0.47228394 -0.33870729 -0.11087992
  0.07048569 -0.25407827  0.15052845  0.05767479  0.18809171]Starting bootstrap 5170.800663181450776[ 0.3049912   0.30441227  0.40671468  0.44505707 -0.28813115 -0.16850566
  0.04280323 -0.11871783  0.03571475  0.06281067  0.05471178]Starting bootstrap 5180.7939395182066138[ 0.24312165  0.2297386   0.43339884  0.47078325 -0.20724119 -0.16890842
 -0.39854268 -0.17033798  0.04086857  0.05335003  0.11785067]Starting bootstrap 5190.7987622963095394[ 0.32429997  0.29981104  0.48642066  0.53078804 -0.29818781 -0.18385197
  0.32185385 -0.12331771  0.0298907   0.04212639  0.07738255]Starting bootstrap 5200.7966042107249827[ 0.32088602  0.29307015  0.41249951  0.56407605 -0.32135832 -0.12379464
 -0.22886405 -0.24892235  0.09846766  0.03930463  0.20455459]Starting bootstrap 5210.7974911625567954[ 0.31904471  0.33174227  0.46104082  0.50304765 -0.21812501 -0.15755703
  0.27628099 -0.25917361  0.13204911  0.01942042  0.24758561]Starting bootstrap 5220.7973619028468192[ 0.30296484  0.3232111   0.4506461   0.50221023 -0.25825683 -0.15047602
 -0.34238843 -0.11774603  0.08395823  0.02771729  0.12601428]Starting bootstrap 5230.7977149089564389[ 0.27588861  0.32515404  0.52494206  0.47837521 -0.32360719 -0.19292349
  0.07444314 -0.1714822   0.10553868  0.08809526  0.13839236]Starting bootstrap 5240.796477948689171[ 0.30890272  0.33378932  0.46262809  0.50388689 -0.21080959 -0.13504999
 -0.38097254 -0.19377849  0.15633295  0.01921958  0.19123761]Starting bootstrap 5250.7979793038177538[ 0.26787036  0.3717644   0.47917097  0.44619577 -0.30618163 -0.16573711
  0.19147553 -0.12571215  0.04017487  0.06395793  0.11653682]Starting bootstrap 5260.7991951604589033[ 0.28648133  0.31391573  0.44342254  0.54722719 -0.26230553 -0.10150226
  0.20059801 -0.1928877   0.1319034   0.04382004  0.1368998 ]Starting bootstrap 5270.800008489413234[ 0.29999304  0.31323622  0.44401397  0.48125614 -0.23377457 -0.13844208
  0.07147695 -0.17286087  0.07259379  0.05980901  0.12873403]Starting bootstrap 5280.7984567733586865[ 0.33098834  0.29942082  0.3989485   0.46328644 -0.27327029 -0.19965239
  0.17428795 -0.19090271  0.17088133  0.03910827  0.11320813]Starting bootstrap 5290.7995532026611194[ 0.3081781   0.2698921   0.3950307   0.52588399 -0.32920441 -0.16181331
  0.28049855 -0.14019241  0.0912098   0.03570421  0.11298302]Starting bootstrap 5300.8003912324505663[ 0.32813888  0.30841822  0.36201534  0.48667254 -0.24290827 -0.1754963
  0.19042417 -0.08665747  0.13822351  0.06337305  0.10911508]Starting bootstrap 5310.8005555049947847[ 0.30007596  0.32239832  0.38005382  0.38908127 -0.2866345  -0.17030287
  0.0429029   0.          0.          0.03831044  0.01119681]Starting bootstrap 5320.7978555598282404[ 0.24406669  0.30636386  0.44987034  0.50597329 -0.35997368 -0.14908445
  0.1882069  -0.16281348  0.08807864  0.02118868  0.15206768]Starting bootstrap 5330.7982338663078091[ 0.31957177  0.32124671  0.47318253  0.47182039 -0.26943154 -0.16294957
  0.09935372 -0.24462726  0.17922899  0.02167668  0.16838355]Starting bootstrap 5340.8003370345016709[ 0.33761783  0.30110413  0.43530549  0.50056039 -0.21958597 -0.13968709
  0.07663689 -0.14820113  0.10066453  0.01472587  0.10076167]Starting bootstrap 5350.8004585002588192[ 0.32281696  0.32526104  0.41767746  0.41601452 -0.28912052 -0.13448475
  0.02537733 -0.15385243  0.04897835  0.04582109  0.12415912]Starting bootstrap 5360.8001972229786354[ 0.30466529  0.28889876  0.42659957  0.47579788 -0.31077535 -0.18116047
  0.07571906 -0.05259991  0.03778534  0.02776808  0.00880805]Starting bootstrap 5370.7986905919435229[ 0.27283996  0.38494347  0.45019008  0.39893733 -0.26054782 -0.15454145
  0.04482286 -0.18385758  0.07153745  0.0405484   0.09461731]Starting bootstrap 5380.8014140388755172[ 0.29180542  0.32105603  0.37636857  0.48502492 -0.31988637 -0.14042781
  0.03589056 -0.14208134  0.06998477  0.09193647  0.10053982]Starting bootstrap 5390.7979062804751048[ 0.32659989  0.31401165  0.44903771  0.47392945 -0.20413521 -0.16507401
  0.32463042 -0.19568779  0.18469797  0.08715165  0.19052525]Starting bootstrap 5400.7989396387131154[ 0.29501898  0.32467955  0.45321107  0.53299976 -0.26748285 -0.17607423
  0.14601426 -0.20385737  0.10035091  0.07317603  0.13531839]Starting bootstrap 5410.7990118227069981[ 0.32347337  0.34153702  0.35753183  0.44039801 -0.30348849 -0.19692954
  0.34760807 -0.18020223  0.1264938   0.07709165  0.18201871]Starting bootstrap 5420.7982591666777581[ 0.29871332  0.31504299  0.42812936  0.44660683 -0.29134292 -0.14049875
  0.41257832 -0.19284192  0.16404225  0.0360276   0.09345199]Starting bootstrap 5430.8002641310659886[ 0.32752488  0.30796777  0.41729392  0.47073322 -0.24870451 -0.15101305
  0.147039   -0.13371248  0.07303922  0.04914505  0.14164069]Starting bootstrap 5440.7973164581064843[ 0.3421594   0.26707276  0.45783357  0.41443451 -0.28902613 -0.17180471
  0.38316241 -0.17314688  0.09143111  0.03791338  0.0584482 ]Starting bootstrap 5450.7973915198675652[ 0.28347339  0.34239476  0.458731    0.5267679  -0.28137538 -0.18683878
  0.36493646 -0.27964286  0.14832368  0.06150644  0.21117974]Starting bootstrap 5460.7968802365620562[ 0.32211148  0.30595745  0.43414703  0.51957127 -0.23790605 -0.16490872
 -0.35463731 -0.19334012  0.14440174  0.03187109  0.17180596]Starting bootstrap 5470.7969526603698722[ 0.31415263  0.36091991  0.44074486  0.54931326 -0.22469835 -0.18029142
  0.41858268 -0.25266302  0.06828166 -0.0193605   0.16118869]Starting bootstrap 5480.8014428165474973[ 0.29270159  0.31848582  0.37552008  0.43581586 -0.28330842 -0.14943354
  0.03439652 -0.08589072  0.0880926   0.03766335  0.02794611]Starting bootstrap 5490.7995132736412472[ 0.31411049  0.31974293  0.47918107  0.48717653 -0.22462495 -0.1477654
  0.03284838 -0.1760631   0.13218605  0.02995935  0.09008238]Starting bootstrap 5500.799969399742128[ 0.2785015   0.33091592  0.40714578  0.42477761 -0.33713571 -0.16760805
  0.03026414 -0.1315672   0.10904901  0.0353696   0.05295266]Starting bootstrap 5510.8019177680421314[ 0.31779834  0.32283859  0.35118211  0.52790066 -0.22843626 -0.16941
  0.03427894 -0.10457771  0.09427169  0.04788814  0.10830654]Starting bootstrap 5520.7983547325301246[ 0.30484211  0.29685915  0.49113487  0.56076494 -0.25044956 -0.13887499
  0.12964291 -0.2151772   0.13895651  0.04135912  0.15942825]Starting bootstrap 5530.7993774190481089[ 0.34637372  0.30102226  0.4751784   0.52399628 -0.25947966 -0.14147001
  0.20618737 -0.15248608  0.09516881  0.07353181  0.13001545]Starting bootstrap 5540.7986381925991262[ 0.28933917  0.36002908  0.40317089  0.4057144  -0.30094622 -0.16652959
  0.09098028 -0.22279229  0.10806552  0.04822644  0.18580883]Starting bootstrap 5550.8003635339412857[ 0.31826332  0.32555863  0.3902857   0.44564822 -0.30274568 -0.14254019
  0.20213778 -0.04751595  0.          0.          0.        ]Starting bootstrap 5560.7997872610598888[ 0.2929593   0.30236664  0.39384164  0.46966794 -0.34693042 -0.15188914
  0.04770218 -0.23346916  0.15650716  0.04065643  0.16127409]Starting bootstrap 5570.7995100361531495[ 0.30647166  0.30748525  0.44117575  0.50470389 -0.34557378 -0.11828934
  0.14640777 -0.19566329  0.07718414  0.05555681  0.1258949 ]Starting bootstrap 5580.7990204560085921[ 0.29284532  0.34249137  0.47930819  0.43295795 -0.30691561 -0.13860306
  0.06203806 -0.16192607  0.11529802  0.03597628  0.05276498]Starting bootstrap 5590.7983437010891988[ 0.29315486  0.30959058  0.40980165  0.46020113 -0.19324024 -0.11620255
  0.45625391 -0.21270682  0.18404728  0.0580685   0.17662643]