1001925
1002641
1003108
1003388
1003878
1005453
1006349
1006996
1007171
1007413
1008655
1008834
1009445
1015584
1018522
1020882
1022535
1022852
1024829
1026633
1027137
1027668
1029789
1029901
1032421
1032546
1032861
1034369
1036550
1039007
1042343
1043998
1044404
1044698
1045191
1046641
1048505
1050192
1050632
1051317
1052364
1053872
1053999
1056360
1057052
1057277
1057647
1060167
1060935
1061321
1064942
1065062
1065366
1067237
1068040
1069060
1073116
1074192
1076081
1077213
1077609
1077687
1078622
1079938
1080669
1081410
1086248
1087203
1087819
1090070
1093395
1093473
1093561
1093938
1097506
1097595
1100391
1100984
1101938
1104492
1105715
1105917
1106336
1108286
1109360
1109717
1110494
1113528
1115239
1116628
1117585
1118540
1118554
1119905
1120039
1120550
1120925
1120946
1123205
1124230
1124769
1131638
1131800
1132645
1133112
1135322
1135423
1137118
1137420
1141447
1142554
1143024
1143299
1144920
1146264
1148525
1148989
1150448
1152632
1153856
1154544
1155285
1155861
1156281
1159836
1161553
1162492
1162773
1162796
1162859
1162890
1164518
1165795
1166303
1168022
1169161
1169190
1169883
1170576
1172404
1176025
1176579
1177073
1177677
1178783
1179187
1179476
1184025
1184046
1186244
1187085
1187954
1190331
1190463
1192856
1193785
1194244
1195523
1195736
1197462
1198485
1198543
1199779
1200782
1205716
1206513
1206611
1208205
1212989
1213304
1214761
1216777
1216785
1217283
1219911
1223865
1224986
1225646
1225712
1226631
1226960
1228063
1228153
1228802
1229027
1229569
1230567
1231582
1233015
1234217
1237489
1239488
1240863
1241217
1242963
1243357
1244815
1245592
1247641
1248109
1248493
1249343
1249585
1251566
1253927
1255345
1255356
1256168
1257745
1259111
1260241
1260655
1262599
1263937
1264362
1265344
1266926
1269026
1271785
1272699
1274744
1277413
1278401
1279155
1281334
1281468
1282453
1282558
1282824
1283187
1283192
1283324
1283397
1284017
1288995
1290696
1290969
1291936
1293238
1293252
1293999
1294584
1294596
1296522
1298276
1298957
1301596
1303101
1304752
1304940
1306983
1307254
1307466
1308004
1308772
1309821
1310301
1310400
1310720
1311812
1313561
1316963
1317404
1317797
1318108
1320955
1322416
1322855
1324414
1325942
1326099
1326127
1326181
1327678
1328149
1328718
1329294
1329806
1329847
1332157
1332533
1332783
1333493
1333629
1333733
1334486
1334564
1336315
1338630
1340558
1343819
1347496
1347504
1347561
1347898
1350510
1351980
1352309
1354860
1355103
1355189
1355295
1355407
1355615
1356393
1356487
1356672
1357129
1357959
1359158
1359578
1360255
1360385
1360539
1365715
1369020
1369225
1369394
1369889
1370368
1373252
1373587
1373983
1375051
1376621
1378730
1379318
1379795
1380806
1380864
1382477
1383781
1384338
1384533
1384959
1385892
1386250
1388405
1389748
1393151
1393931
1394740
1395297
1395337
1397563
1398076
1402400
1404871
1405358
1406834
1407053
1408087
1411383
1411451
1412012
1412721
1412960
1415720
1416464
1417117
1418255
1418461
1418797
1420018
1420405
1422462
1422652
1422967
1423745
1424039
1428243
1430809
1431262
1435370
1435761
1436151
1437501
1441639
1441784
1444586
1446505
1448480
1448495
1450408
1450919
1452018
1454552
1454594
1454776
1456478
1460222
1461032
1465561
1465787
1469678
1470287
1471514
1472084
1473114
1473834
1475080
1476112
1476253
1476482
1477127
1479297
1480979
1485081
1486403
1486430
1487543
1487947
1487995
1488524
1491391
1492971
1496223
1497024
1497763
1499776
1503100
1503979
1504232
1505535
1505632
1506253
1507910
1509268
1512049
1512502
1512678
1512918
1513013
1513190
1514141
1515468
1517617
1518192
1518419
1519110
1519411
1520606
1520823
1521398
1522428
1522558
1522566
1522830
1522856
1523053
1523550
1525740
1527375
1528142
1529794
1530733
1532718
1534532
1534617
1534991
1535159
1538698
1540283
1542838
1542913
1543428
1543915
1544335
1544781
1545258
1545367
1545930
1545945
1546325
1546536
1548004
1549377
1550663
1553359
1556758
1557071
1557709
1558678
1560009
1560713
1561082
1561275
1563255
1563300
1563607
1564951
1571182
1571679
1572098
1572850
1572906
1573130
1575231
1578991
1579546
1579569
1580022
1583417
1585798
1588799
1589696
1590660
1591455
1591733
1592297
1592337
1592438
1592802
1593277
1595298
1595750
1596459
1596875
1597374
1599073
1601811
1602282
1604809
1608505
1609049
1609801
1609829
1611913
1614190
1615338
1615961
1616580
1618916
1619120
1619445
1619926
1620964
1621591
1622369
1625601
1626033
1629798
1629991
1630299
1630655
1636468
1637186
1637221
1637527
1638309
1638772
1640039
1641103
1641145
1641781
1642235
1643864
1644337
1644378
1645731
1645899
1647748
1649265
1649885
1651499
1651711
1651955
1652046
1652221
1652697
1653936
1654522
1655580
1656056
1657684
1658494
1663408
1663681
1663711
1666552
1666731
1668654
1670961
1671490
1671712
1673106
1673635
1674456
1674962
1674999
1675638
1677306
1679357
1680734
1680933
1682772
1684714
1685940
1687495
1687533
1688587
1689024
1689484
1693221
1695926
1699663
1700843
1701661
1702177
1703412
1705263
1705538
1706298
1706923
1707421
1708358
1710534
1711633
1713599
1713673
1714437
1714863
1715834
1717248
1718332
1719130
1719829
1725424
1725880
1726652
1728047
1729076
1729129
1729915
1731904
1732691
1733994
1735733
1736801
1739147
1743206
1744577
1747805
1747970
1748798
1749355
1750014
1750228
1754045
1757412
1758675
1759714
1759879
1760169
1762195
1762985
1763878
1767690
1767921
1768299
1768981
1769351
1770846
1773270
1775653
1777538
1779322
1779703
1780803
1781220
1781572
1783297
1784227
1786192
1788434
1791594
1792134
1793293
1793314
1793863
1794259
1796551
1799644
1803460
1804412
1805146
1808743
1810484
1810927
1811172
1812722
1814156
1814637
1814884
1814936
1815463
1817874
1818833
1819385
1819768
1820211
1820374
1821233
1821513
1822231
1822459
1823955
1826221
1831072
1832819
1833551
1833765
1835225
1836437
1837469
1839084
1843613
1843670
1845239
1846971
1847692
1849775
1850595
1850821
1851339
1856408
1856772
1858080
1859726
1861692
1863952
1864877
1865163
1866519
1867194
1867625
1868162
1868672
1869063
1870052
1870804
1872447
1875410
1876573
1878668
1879781
1880259
1880969
1881857
1884289
1884958
1887701
1890521
1891078
1892396
1896353
1896473
1898323
1898770
1899454
1901903
1902041
1902836
1903340
1903499
1904100
1907032
1907403
1909629
1911318
1913623
1914316
1914439
1914533
1914717
1916561
1916825
1918297
1918820
1920031
1921478
1925866
1925988
1926785
1927542
1927846
1928077
1928112
1928341
1928399
1931560
1933385
1933625
1937937
1938238
1938742
1940800
1941827
1942342
1942557
1942746
1944263
1945904
1948114
1948429
1951403
1955177
1955740
1961738
1963489
1963540
1966735
1969387
1969597
1970595
1971217
1971851
1973046
1973505
1975412
1976023
1976739
1977164
1979148
1980793
1982761
1983056
1983916
1984182
1986197
1986567
1986588
1986661
1990979
1992345
1993663
1994341
1995266
1995886
1998113
1998375
1998711
2003189
2003295
2007827
2008087
2008584
2010039
2010303
2010998
2011066
2011873
2013592
2015899
2017043
2019061
2019146
2020460
2024493
2025077
2025502
2027110
2028895
2030789
2031012
2032555
2033449
2034367
2034859
2035468
2037734
2038140
2038237
2039225
2040940
2042539
2042572
2042973
2043530
2047509
2048379
2049881
2050503
2051657
2052289
2052443
2052770
2053773
2053971
2054236
2055305
2055923
2058401
2058484
2059715
2061761
2063095
2064511
2066584
2066966
2068240
2068527
2069498
2069555
2070485
2071196
2074004
2074474
2075843
2075946
2077244
2077349
2079195
2080003
2080655
2081040
2081782
2082879
2085135
2085319
2085628
2087178
2087689
2088435
2088849
2089181
2089267
2091314
2091437
2091682
2092765
2093820
2094369
2095107
2095408
2096860
2100274
2100395
2101966
2102860
2103937
2107755
2109035
2109244
2109461
2110543
2113559
2115455
2118492
2119573
2120113
2120318
2123487
2129001
2129313
2129369
2129370
2129518
2131398
2131554
2132986
2135952
2138527
2138899
2140165
2141255
2141756
2143128
2143922
2145113
2145296
2146242
2146356
2147250
2152822
2152858
2154064
2158065
2158346
2159262
2159740
2159813
2160415
2162156
2163098
2163477
2164463
2165839
2166643
2167063
2167438
2167565
2167608
2167769
2167819
2170163
2170419
2170816
2171482
2172559
2173908
2178797
2179462
2180600
2181597
2182178
2185041
2185486
2185511
2187610
2188289
2188452
2188565
2189582
2190520
2192181
2192300
2193931
2194045
2194979
2196422
2197120
2197563
2199925
2200025
2200579
2200953
2203709
2203882
2203927
2204229
2205397
2206659
2206781
2206992
2210932
2212678
2214376
2216198
2219088
2220886
2221917
2222270
2223517
2224160
2224724
2228656
2230192
2230913
2231940
2231975
2232166
2232981
2236132
2236157
2236394
2240191
2240410
2244362
2244469
2245968
2246563
2250500
2252367
2252440
2253139
2254188
2256508
2256632
2257024
2258033
2258197
2259788
2260180
2260713
2261186
2261603
2261826
2266842
2267726
2268778
2269133
2270445
2271814
2272240
2272287
2273145
2277562
2279214
2280341
2281060
2281200
2281319
2282437
2284068
2286142
2286310
2287102
2287119
2287155
2288636
2288915
2289431
2289722
2289805
2290643
2290780
2291665
2293664
2293861
2294365
2294449
2296127
2296219
2297033
2302426
2302512
2303789
2307406
2307447
2308001
2309905
2311818
2313900
2315728
2316476
2317235
2317688
2318085
2319007
2320398
2321605
2322458
2322939
2323211
2324591
2325892
2329079
2329729
2330124
2330206
2330451
2331664
2332486
2332771
2333627
2333891
2336767
2336972
2337563
2338352
2341869
2342014
2342865
2343275
2349464
2349480
2352084
2353166
2353869
2354182
2354814
2355006
2357442
2360943
2362860
2365890
2367668
2367755
2367995
2369143
2370340
2371601
2372036
2373060
2374466
2374603
2375157
2376391
2378012
2378114
2379471
2380291
2382411
2382495
2383204
2383696
2384442
2385869
2386203
2386888
2388292
2388689
2388939
2390610
2391362
2391829
2392869
2393065
2393575
2393600
2395098
2398539
2399340
2401119
2401737
2402717
2403215
2403969
2404768
2404863
2408972
2409865
2410967
2413043
2415687
2417407
2417801
2417987
2418250
2419048
2419243
2419600
2420209
2421618
2424681
2425852
2426112
2426588
2429798
2430825
2433101
2433514
2437190
2438679
2439932
2440467
2441350
2442395
2442559
2444342
2445477
2447367
2448771
2448809
2449747
2451866
2451955
2454076
2457420
2458063
2458230
2459551
2462682
2463822
2464504
2468522
2470148
2470889
2471404
2471595
2473147
2474313
2476467
2477792
2478623
2481899
2481947
2482265
2487915
2489166
2490062
2490404
2493449
2495382
2495497
2496681
2496747
2498140
2498303
2503128
2503662
2504167
2506610
2506946
2507024
2508335
2508383
2509070
2509594
2511991
2512541
2513298
2513799
2516471
2517702
2517862
2517906
2517980
2520502
2521534
2521748
2522836
2523597
2525378
2526543
2526719
2528165
2529118
2529632
2531136
2533454
2533757
2533945
2535132
2535305
2535783
2536267
2537865
2538457
2538916
2539489
2541630
2542993
2543366
2543669
2544303
2544312
2546331
2547480
2549473
2550026
2551981
2552130
2553254
2553594
2554487
2555167
2555600
2555622
2556146
2556512
2556822
2558574
2558684
2559101
2559379
2563122
2563457
2563807
2566085
2566738
2567572
2574745
2577232
2581091
2582012
2584289
2585458
2585702
2586464
2586654
2586799
2587757
2590445
2591753
2592928
2592947
2595459
2596262
2598662
2599052
2600987
2601454
2601903
2602669
2603627
2604620
2605289
2606301
2606755
2607144
2607346
2608352
2608566
2609163
2609758
2610243
2610412
2610509
2611210
2612025
2613576
2614830
2617028
2617154
2618021
2618831
2620692
2620904
2623641
2623769
2627089
2630608
2631624
2631697
2631755
2633415
2634028
2635189
2641136
2641925
2642405
2644186
2644357
2645464
2646143
2646293
2646511
2648133
2648644
2651471
2653455
2654333
2654712
2654768
2656867
2657800
2658516
2659326
2661374
2662619
2662693
2662869
2664405
2665689
2666379
2668486
2669134
2670194
2672317
2673953
2677769
2679316
2679978
2680098
2680793
2681031
2681889
2681961
2686239
2687724
2688376
2688765
2689342
2690347
2690736
2692517
2696471
2701946
2702452
2703971
2705480
2705708
2706220
2706910
2708484
2708938
2710909
2711016
2712996
2713441
2713616
2714166
2714559
2714943
2717983
2719535
2719816
2720979
2721707
2721914
2724145
2725052
2726592
2730019
2730774
2733977
2734600
2735354
2735944
2739612
2740126
2740672
2741193
2741243
2746361
2747023
2750493
2750684
2752328
2752395
2752537
2752736
2755082
2758818
2758901
2759556
2760587
2761814
2762527
2762835
2763810
2766191
2766542
2766754
2767006
2767508
2769647
2771491
2771543
2771953
2773008
2775873
2776569
2778614
2780461
2780863
2784672
2786042
2786146
2786296
2787304
2788907
2789480
2789735
2789845
2791019
2792778
2794229
2795011
2795541
2796280
2799427
2800595
2801241
2802295
2803624
2803776
2805346
2805587
2808517
2809088
2810416
2810548
2812023
2813152
2814673
2814998
2815829
2818073
2818445
2820722
2821992
2822372
2822740
2823872
2824139
2826101
2828083
2829885
2832384
2834453
2835017
2838608
2839141
2839924
2840433
2840630
2842445
2847957
2848027
2849224
2850473
2851203
2851323
2852312
2853636
2854567
2854896
2854940
2855052
2855285
2856155
2856227
2857098
2857972
2858955
2861219
2863751
2866476
2867586
2867825
2868593
2868801
2869767
2870615
2871440
2872789
2873571
2875224
2875893
2876025
2877216
2878735
2880210
2880638
2880643
2881791
2882725
2883546
2883971
2891786
2892110
2892148
2892472
2893140
2894957
2896820
2896876
2897499
2899857
2899909
2900163
2901593
2903497
2903828
2908580
2909435
2909589
2909652
2914437
2916626
2917146
2918972
2921721
2922779
2924436
2926450
2926866
2926891
2927256
2927662
2930310
2931101
2931207
2934571
2936335
2936642
2936661
2936801
2938199
2938487
2940119
2941113
2941976
2945288
2945580
2945670
2946825
2948164
2948725
2950156
2952539
2953363
2954158
2954496
2956373
2959827
2960296
2961237
2961827
2962949
2963052
2964516
2964928
2965428
2966377
2968347
2968709
2969119
2970542
2971452
2972467
2973986
2975135
2976778
2976806
2978023
2978435
2979789
2980824
2981314
2982052
2982653
2985967
2986455
2988760
2988829
2989190
2989365
2994431
2998759
3000492
3001120
3001633
3001759
3002708
3005395
3007660
3007955
3007967
3008034
3008069
3008645
3010248
3013628
3014190
3015830
3016026
3018709
3022065
3023590
3025684
3025816
3026727
3027035
3030667
3031867
3034280
3035815
3035861
3036001
3037995
3038764
3039349
3039437
3039646
3041588
3043614
3043723
3044036
3046101
3046165
3046799
3046889
3052458
3053661
3054132
3054591
3054923
3057535
3058268
3058584
3059005
3062293
3062564
3062670
3062887
3063248
3063931
3065180
3065529
3069072
3072038
3073427
3073452
3074065
3076517
3077718
3078211
3078239
3078918
3079209
3079697
3079980
3080106
3080271
3080289
3080304
3080557
3081137
3081159
3082764
3086319
3087019
3087406
3087654
3087803
3089328
3092857
3094258
3095790
3097977
3098791
3099360
3100893
3102568
3102877
3103745
3104011
3107305
3109586
3110522
3113481
3114048
3115284
3117100
3118520
3120622
3121524
3122275
3125613
3125730
3126709
3131094
3131393
3132564
3132682
3134667
3135271
3135977
3138889
3140948
3144126
3145334
3146023
3146417
3146795
3146976
3147416
3149067
3149464
3149585
3149961
3150720
3150995
3151246
3151986
3152471
3153097
3154273
3156197
3156413
3156738
3157863
3159494
3160994
3163990
3169322
3170273
3171080
3171192
3171860
3172111
3172532
3172699
3172770
3174034
3175282
3175480
3176385
3177642
3178149
3180945
3182687
3185834
3187059
3188186
3188947
3189326
3189727
3192561
3193193
3193509
3195671
3198288
3201528
3201875
3202367
3204926
3205739
3206733
3207003
3212047
3212860
3214936
3215081
3215440
3216509
3217964
3220498
3220832
3220987
3222547
3224740
3224754
3225092
3225147
3225867
3232224
3232378
3232510
3233695
3233784
3233890
3235327
3236478
3237425
3238030
3238380
3238473
3240479
3240529
3242435
3244894
3245482
3246945
3248761
3248811
3250017
3255715
3255847
3258852
3259381
3260953
3264201
3265028
3267490
3268016
3270513
3271895
3273599
3275561
3277078
3277198
3279317
3279829
3280535
3281502
3286207
3288929
3290622
3291273
3292275
3293171
3293936
3294173
3295840
3296068
3296122
3296448
3297517
3298040
3298713
3302260
3303578
3304257
3304866
3306752
3308930
3311667
3312350
3312832
3313082
3316004
3316441
3316822
3318204
3319002
3319687
3319708
3320647
3320878
3321521
3322708
3324809
3324854
3325185
3325943
3331743
3331909
3331940
3333759
3333828
3335332
3336439
3341111
3342946
3343500
3346227
3347458
3347505
3348976
3349116
3352199
3352534
3352837
3357364
3358264
3358690
3361123
3361899
3362284
3363127
3363957
3365077
3365781
3367961
3368188
3368252
3369003
3369191
3371265
3371739
3372051
3372348
3376484
3376905
3378751
3380921
3381968
3383753
3384586
3385036
3385361
3386292
3386808
3387325
3389136
3391175
3392510
3393117
3394178
3394491
3397425
3401757
3404943
3410864
3411042
3411571
3412098
3412137
3415293
3417080
3418195
3419135
3419653
3420549
3420889
3422956
3423289
3423820
3424403
3426261
3427620
3428544
3430359
3431964
3432387
3433017
3433932
3434371
3434907
3435498
3435940
3436079
3436258
3438786
3438926
3439620
3440967
3441290
3445165
3445868
3446083
3449962
3450672
3453758
3453913
3453982
3456147
3460192
3460657
3460879
3461247
3462813
3465414
3465656
3466406
3466923
3470220
3470461
3470984
3472502
3473007
3473516
3477888
3478535
3479533
3483981
3484151
3484435
3484660
3485109
3486604
3487105
3487442
3489230
3490410
3490938
3491626
3492237
3492714
3495005
3495924
3496084
3500607
3501071
3503275
3503594
3503826
3505554
3506643
3508259
3510036
3511980
3512340
3513669
3515077
3517002
3517406
3517453
3519241
3520192
3523403
3524386
3525995
3529232
3529589
3530205
3533407
3535442
3536100
3537599
3539344
3539861
3540720
3541636
3541889
3543979
3548355
3549180
3551040
3551378
3552665
3556536
3557422
3558426
3559797
3561219
3563548
3563893
3565753
3567718
3568112
3569808
3570171
3570716
3572127
3574709
3574943
3576883
3577935
3578316
3581290
3583525
3584808
3586008
3587779
3592774
3593700
3593766
3598332
3599434
3603370
3605263
3605527
3605581
3606338
3607060
3607174
3608506
3609408
3610038
3611188
3611649
3612558
3613894
3615185
3617107
3617660
3618263
3618287
3618939
3619085
3619623
3621559
3621667
3622362
3623051
3623466
3623964
3624266
3625806
3626499
3627565
3627819
3628011
3628356
3628488
3628629
3628700
3628946
3629871
3630287
3630579
3631298
3631675
3633515
3635444
3635843
3642731
3642817
3647998
3648674
3650686
3650909
3652442
3657370
3657497
3657790
3659488
3660078
3660336
3661290
3662009
3662641
3663199
3663277
3664793
3665196
3666008
3666789
3668709
3670208
3671040
3671966
3672261
3672476
3674498
3674779
3676120
3676260
3677543
3681255
3681267
3682525
3682804
3682842
3683802
3683933
3684962
3692530
3693437
3693528
3694175
3696525
3699114
3699994
3700294
3700737
3701833
3703264
3703857
3703992
3704101
3704196
3704889
3706177
3707934
3709344
3709551
3709903
3710777
3711434
3713294
3715070
3715186
3715458
3717487
3717878
3718789
3721218
3725264
3725779
3728346
3729114
3731056
3734513
3734680
3734823
3736284
3737087
3739942
3740865
3742231
3742288
3742595
3742929
3743169
3743201
3743426
3743747
3744185
3746007
3746396
3748031
3748663
3748675
3748897
3749118
3754186
3756314
3756818
3757350
3758825
3759666
3759839
3760183
3761369
3763550
3764377
3764486
3764698
3765133
3766075
3766949
3767530
3767679
3767706
3768581
3771447
3772778
3774877
3775175
3776228
3780602
3781635
3782368
3784085
3784326
3784801
3789595
3790184
3790897
3791385
3791404
3792859
3793271
3796028
3796431
3797432
3798425
3799400
3800667
3801212
3803774
3805912
3806895
3812445
3813328
3817818
3817965
3818258
3818886
3819662
3823815
3827308
3827678
3828504
3828943
3829294
3830804
3831370
3831778
3835262
3836378
3837015
3838400
3843106
3844999
3845248
3845597
3845877
3846242
3847166
3848909
3849689
3850584
3851414
3852309
3854827
3858227
3859763
3859792
3860041
3863579
3864162
3866210
3867405
3867819
3869088
3869762
3870402
3871103
3872542
3873592
3874018
3874180
3875013
3878506
3888128
3889183
3889320
3890555
3893125
3893450
3893499
3893919
3893955
3895256
3895438
3897048
3897119
3897489
3897872
3898609
3898986
3904046
3904051
3904142
3906821
3907482
3908537
3908602
3908693
3909216
3910022
3915608
3917658
3921584
3922356
3922402
3922535
3922758
3922951
3926260
3926864
3927581
3927689
3927719
3928556
3930923
3933172
3933443
3933958
3934351
3934403
3934521
3935125
3935336
3940421
3941294
3943028
3943852
3946268
3947151
3948218
3949451
3952241
3953853
3955874
3957174
3959107
3960370
3960382
3961814
3963197
3964044
3964076
3965875
3967303
3967777
3968268
3968337
3969956
3970596
3970662
3970707
3971668
3972182
3972530
3975124
3976989
3978518
3980358
3982171
3984367
3985847
3987584
3989636
3990051
3991055
3991148
3993401
3995700
3995758
3996145
3997349
3997634
3998005
3999245
3999416
4000801
4001729
4003408
4003780
4008812
4009371
4010974
4011387
4012947
4013604
4013873
4014480
4014803
4015840
4017278
4017657
4018584
4018626
4020558
4020692
4021703
4023746
4025375
4026610
4029069
4029656
4029841
4030036
4031414
4031939
4032321
4032474
4033965
4035077
4035794
4036150
4036475
4037750
4039100
4039328
4040800
4041356
4042139
4042641
4044505
4046771
4049935
4050199
4050418
4052129
4054105
4055372
4060508
4061077
4061661
4062311
4063649
4064479
4066621
4068625
4068910
4069931
4073560
4074355
4074611
4075084
4076976
4077674
4080874
4081184
4081923
4082084
4083851
4084090
4084340
4084652
4086659
4087887
4087948
4090620
4090916
4091966
4092946
4094362
4094637
4095222
4095376
4096370
4096382
4096592
4097373
4097538
4097624
4101959
4102509
4103960
4106498
4107349
4107929
4108249
4109802
4110901
4111328
4111709
4112752
4113689
4114525
4116363
4118064
4119338
4120108
4121313
4122824
4123946
4124682
4127616
4130881
4133227
4134040
4134438
4134922
4135069
4137765
4138478
4142785
4143020
4143031
4143990
4144896
4144975
4145454
4146563
4147104
4147953
4148090
4151152
4151756
4151957
4154403
4154935
4155589
4156187
4157250
4161301
4161776
4161995
4162681
4163634
4165239
4166388
4166546
4166664
4170872
4172186
4172329
4172505
4173705
4173716
4174439
4176380
4176721
4176792
4177431
4178180
4178949
4179222
4180264
4181079
4184960
4185180
4185195
4185342
4188717
4192949
4194862
4196288
4198339
4199065
4200293
4202383
4203034
4204183
4206891
4207494
4207933
4208827
4210036
4210195
4212151
4212284
4212885
4212919
4213349
4215936
4216454
4216842
4216989
4217031
4219927
4220791
4221829
4222353
4222590
4224256
4224460
4225947
4227027
4227126
4228244
4228333
4229426
4230001
4231426
4231499
4234621
4235219
4235288
4239027
4242119
4243347
4243740
4245053
4245402
4248989
4249452
4250981
4251289
4253663
4258753
4258822
4258849
4260088
4260352
4260959
4264167
4265273
4266700
4266934
4267590
4268022
4268705
4270280
4273955
4274813
4277691
4279913
4280426
4282557
4286768
4289489
4291029
4291382
4291554
4292002
4294437
4297849
4298046
4298263
4299832
4301789
4302796
4306223
4307869
4308000
4308014
4308760
4309142
4309263
4310395
4311075
4312121
4312204
4313173
4314197
4315732
4319404
4320884
4321823
4322875
4323571
4326310
4327633
4329242
4329749
4330090
4330919
4332040
4332297
4333784
4334788
4336572
4336651
4337022
4339575
4342512
4342753
4342931
4343105
4343293
4343528
4348102
4350459
4350572
4351068
4351089
4352975
4355666
4356354
4357751
4358290
4360069
4360422
4360995
4361316
4362509
4364392
4365118
4366661
4367580
4368052
4369608
4371778
4372868
4372904
4373838
4373860
4373925
4375185
4376802
4378098
4378422
4379189
4380242
4384501
4385025
4385527
4387930
4390155
4390430
4391435
4392186
4393642
4394076
4394675
4394687
4395202
4395547
4395887
4397455
4397907
4399005
4400657
4403260
4404075
4404734
4404900
4407487
4408008
4408017
4408349
4408703
4409616
4410094
4410653
4410804
4411554
4412184
4413109
4415792
4416009
4416111
4416386
4418645
4420041
4421024
4421071
4422604
4423414
4424135
4426616
4427153
4429687
4429783
4433410
4435053
4436103
4436399
4436727
4440252
4440521
4441248
4442287
4444495
4447118
4450865
4451291
4453125
4455501
4456051
4456835
4457806
4458692
4461259
4461894
4463319
4463842
4464719
4464850
4467482
4467752
4468754
4470191
4471172
4473472
4473621
4473762
4473959
4475016
4475117
4475971
4476238
4478417
4480577
4480609
4481984
4483297
4483782
4484155
4484193
4486312
4490573
4491069
4491964
4495743
4497132
4497654
4498279
4498806
4499339
4502136
4502843
4504335
4506658
4507186
4507928
4508627
4510731
4510862
4511019
4511360
4515286
4516794
4517486
4517809
4522323
4522893
4523249
4526580
4529658
4530796
4531227
4531497
4532129
4536054
4536707
4536831
4538275
4539413
4541712
4542440
4543914
4544761
4547851
4549159
4551581
4552354
4553231
4553613
4553756
4554508
4556440
4556710
4556859
4557799
4558974
4565307
4565456
4565974
4566086
4567617
4568816
4568925
4569897
4570259
4570324
4570657
4571264
4573307
4573790
4573935
4574416
4574479
4574650
4577582
4578486
4578595
4579833
4580489
4581589
4584453
4586457
4588650
4591141
4591376
4592231
4593616
4596939
4596953
4599535
4599913
4601118
4604560
4604656
4610520
4613170
4613273
4614226
4617167
4619163
4620283
4620311
4621405
4623522
4623558
4626216
4627826
4630207
4631613
4632027
4632079
4633106
4634685
4637792
4638832
4639964
4639972
4640344
4641057
4641554
4645960
4647408
4647597
4650345
4651145
4651752
4652045
4654893
4657695
4661589
4665973
4666226
4666813
4667541
4669162
4670596
4670977
4671720
4672284
4672408
4672462
4674574
4681960
4683671
4684672
4685238
4686265
4691609
4692456
4693410
4693846
4694450
4696103
4696253
4696295
4698027
4698997
4699378
4699820
4699966
4700079
4701188
4701412
4701941
4703080
4703278
4703601
4703816
4704910
4705559
4706212
4706416
4708995
4709482
4709810
4711777
4714046
4715076
4719120
4720186
4722096
4722252
4722281
4722587
4722790
4723100
4723473
4723960
4724866
4729548
4731565
4732805
4733522
4733868
4734335
4738284
4739768
4740371
4742177
4742586
4745254
4745964
4749822
4751321
4751336
4751450
4752051
4753112
4755459
4755478
4756825
4757632
4759551
4761174
4762613
4763512
4764763
4767334
4768031
4770717
4770942
4773584
4774468
4775764
4775772
4777122
4779123
4780479
4781104
4781263
4781396
4782795
4784121
4788167
4788554
4792637
4793082
4793240
4794016
4794664
4795084
4795102
4795346
4800820
4801862
4802210
4806199
4807246
4807961
4808847
4808864
4809693
4810352
4811288
4812320
4813106
4813501
4814908
4815679
4816535
4817952
4820120
4820382
4823383
4823738
4825404
4827632
4828713
4830014
4832105
4833151
4833571
4833866
4834191
4835087
4835386
4838514
4839562
4839758
4841631
4841870
4842588
4843527
4844162
4845839
4846170
4846858
4849750
4850630
4851654
4852243
4852880
4854061
4854891
4854919
4855039
4856264
4857910
4859021
4859416
4859557
4859991
4861494
4863305
4864857
4865355
4866759
4866786
4867051
4867552
4869143
4871970
4872164
4873043
4874396
4874964
4876646
4878590
4878763
4880475
4881864
4884682
4884965
4885943
4886532
4888671
4889519
4890766
4894180
4894596
4897418
4898008
4899681
4900614
4900828
4901210
4901248
4902899
4903623
4904675
4904708
4907526
4907791
4910278
4911502
4911623
4912736
4913346
4914386
4916148
4916856
4919042
4920900
4921826
4922309
4926997
4928445
4930461
4932498
4934968
4935369
4935412
4936059
4936086
4937153
4938261
4939225
4940022
4941249
4947592
4950441
4950545
4951064
4951192
4953302
4953440
4953569
4953729
4954161
4954485
4954543
4957425
4957593
4957779
4958003
4961509
4962406
4962762
4963665
4964698
4965792
4967408
4967417
4968850
4969451
4969743
4970543
4970808
4971687
4972238
4974616
4974976
4974988
4975121
4975154
4975175
4976407
4976544
4976873
4978162
4978525
4979565
4980846
4981147
4982969
4983088
4983282
4984033
4984738
4985233
4986369
4987069
4987776
4990923
4992989
4993040
4994398
4994715
4995078
4995616
4995627
4996838
4998604
4999310
5002412
5002895
5003410
5003590
5005599
5006189
5006228
5006857
5007669
5008249
5011807
5011813
5012317
5013538
5013671
5013911
5017224
5017734
5020249
5021540
5023118
5024391
5025561
5026212
5028560
5028697
5034725
5035720
5036067
5037878
5041479
5042648
5043269
5044033
5045507
5046704
5047348
5047995
5049698
5051293
5051730
5052971
5054691
5055955
5056278
5056843
5057311
5059007
5062753
5064629
5065727
5065794
5065936
5066513
5066804
5070666
5073374
5073469
5074031
5075506
5075809
5075901
5076736
5077371
5077648
5080317
5080451
5082415
5083753
5084736
5086082
5086630
5086755
5087294
5087666
5087917
5090296
5090976
5092844
5095379
5097383
5097810
5098401
5098465
5099382
5100197
5101150
5102459
5103772
5107398
5109541
5110554
5115099
5117526
5117562
5119199
5119784
5121682
5123427
5125780
5126610
5128705
5131560
5131612
5131731
5132931
5133984
5135197
5135615
5136222
5142662
5142713
5143454
5145708
5147434
5147498
5148559
5149489
5150492
5151983
5152110
5153064
5155100
5155339
5155484
5157296
5157499
5158329
5159738
5160632
5162473
5163119
5164769
5164958
5169711
5170105
5170322
5171807
5175412
5176387
5176747
5179019
5180123
5182759
5183676
5183792
5187564
5188606
5188757
5189958
5191147
5191819
5192648
5193803
5195732
5196554
5197209
5198042
5200176
5201210
5202209
5203604
5205143
5207852
5208501
5209388
5210237
5210419
5211661
5212328
5213260
5213633
5214798
5216812
5219321
5220443
5220922
5221656
5222571
5223404
5223572
5224517
5225413
5225502
5226513
5230892
5232341
5233329
5234319
5234546
5235737
5238136
5239044
5239207
5239687
5240103
5240873
5242461
5243795
5244775
5244787
5245036
5246485
5246906
5248439
5249047
5249508
5249894
5250037
5251028
5251389
5251397
5252256
5253628
5254719
5255093
5255812
5258089
5258792
5260249
5261131
5261759
5261908
5262654
5263488
5265347
5265916
5268939
5274408
5274739
5276588
5277105
5280846
5281111
5281900
5282758
5285598
5286633
5287826
5290741
5292418
5294468
5294554
5295849
5296838
5300886
5302762
5305012
5306991
5307568
5307885
5308263
5308928
5311550
5313409
5313639
5313837
5313859
5313989
5315774
5316771
5319509
5323740
5326066
5326555
5326690
5326801
5328886
5328997
5330631
5332080
5333343
5334066
5334085
5336205
5337668
5338616
5338753
5338931
5339300
5340368
5340583
5340777
5341659
5342274
5343398
5343677
5344481
5345240
5346585
5346812
5347183
5348293
5348625
5348682
5349711
5350430
5354251
5355984
5356927
5359551
5360049
5360779
5364122
5365271
5366697
5367872
5368093
5368270
5369368
5371099
5374759
5377787
5380230
5380438
5380529
5380802
5380900
5381485
5382795
5383863
5387352
5388131
5388445
5388554
5389994
5391217
5393025
5393104
5393178
5394582
5395685
5395950
5397479
5400405
5403984
5412647
5414010
5414950
5415833
5416072
5418308
5418659
5419051
5419906
5421589
5425017
5427242
5430425
5431222
5431757
5432768
5433392
5433524
5434024
5435075
5436656
5437691
5437828
5438609
5440035
5442211
5442247
5443755
5443767
5444418
5445917
5447438
5447641
5448541
5451428
5452313
5455402
5456987
5459092
5459323
5460185
5460590
5461641
5462278
5462476
5463959
5464014
5466658
5467720
5468318
5468450
5468503
5470182
5470780
5474263
5475031
5477531
5478191
5478496
5479176
5479633
5480060
5483039
5483286
5483969
5483970
5484293
5485938
5486769
5488034
5488947
5489884
5490187
5491637
5492250
5494092
5495034
5495883
5496031
5496830
5497701
5499232
5501749
5502958
5503842
5505327
5508473
5510317
5510555
5511796
5513309
5514960
5515203
5515596
5515876
5518338
5518591
5519064
5519345
5521164
5521820
5522791
5524576
5525285
5525732
5526065
5527123
5527612
5529026
5530904
5531127
5532886
5534456
5535151
5535993
5536574
5536733
5538168
5538615
5543397
5544288
5544547
5544901
5547321
5547780
5547919
5549145
5549469
5550455
5550526
5551383
5551743
5554626
5555254
5556566
5556692
5557672
5558008
5561993
5564636
5564717
5567455
5568584
5569570
5571365
5575049
5575247
5576861
5577305
5578563
5578666
5578742
5579938
5582661
5584367
5586753
5588136
5589675
5589990
5590458
5590560
5591316
5592382
5593484
5594015
5594545
5594616
5594694
5595175
5596743
5597698
5598492
5599977
5603270
5603942
5604567
5605672
5608814
5611500
5611812
5613448
5613870
5614694
5615237
5617875
5619876
5621562
5622573
5622844
5624477
5625464
5626288
5628056
5628380
5628644
5629155
5629723
5630258
5630971
5631205
5631677
5632464
5634127
5634490
5635537
5643608
5644032
5644962
5645061
5645210
5645229
5645556
5646237
5646766
5646925
5648058
5649301
5652597
5655171
5655604
5656060
5657959
5658001
5658205
5658536
5658592
5659561
5659927
5660026
5660712
5660789
5661274
5661484
5662295
5662604
5665666
5665790
5666015
5667427
5667844
5668261
5668629
5669101
5670053
5670508
5671000
5672870
5674565
5674635
5674985
5675543
5676076
5676316
5677773
5678041
5680120
5683206
5684904
5686693
5689141
5689367
5691162
5692300
5692724
5694149
5695802
5697096
5697131
5698246
5701415
5701625
5702266
5703460
5705107
5705627
5706389
5709477
5709835
5712011
5712187
5712881
5713533
5713937
5715081
5717560
5718866
5719703
5719821
5720434
5720794
5720975
5721765
5722267
5722821
5734301
5738191
5738364
5740153
5741947
5742318
5742728
5745567
5748057
5748847
5752954
5753329
5753414
5753458
5754081
5756265
5757271
5760874
5761076
5761990
5762032
5763484
5763688
5764643
5764931
5765969
5766228
5766451
5768729
5769390
5770582
5770732
5770886
5771227
5771666
5771880
5771895
5772889
5774099
5775688
5775813
5776900
5776977
5778329
5778449
5778505
5779145
5781341
5781470
5782465
5783587
5784443
5786464
5786549
5787200
5787513
5788996
5789296
5790167
5793451
5794269
5795008
5796030
5796122
5797777
5798172
5798725
5800610
5800684
5805069
5806549
5809363
5812978
5813215
5814333
5814437
5816245
5816900
5817182
5818218
5818980
5820300
5824222
5827427
5828599
5828733
5828766
5829269
5830995
5833465
5834086
5834814
5834891
5835324
5835419
5836963
5837041
5839479
5839900
5840941
5843171
5845892
5846523
5847455
5848087
5853920
5854718
5856939
5857176
5860151
5861303
5862390
5863285
5865824
5869102
5869188
5869260
5869935
5870813
5872843
5878284
5880246
5880558
5880735
5882126
5883900
5884260
5884677
5885920
5888350
5892042
5893050
5893863
5897447
5901068
5902963
5903776
5905587
5905778
5907036
5907683
5908629
5909343
5909750
5910565
5912902
5914526
5917447
5917897
5918424
5918908
5920080
5921374
5921918
5922667
5924608
5924725
5925449
5926640
5928771
5929318
5929772
5930489
5930666
5930742
5931866
5932835
5934129
5934173
5934343
5934411
5934514
5935300
5937261
5938452
5939222
5940218
5942677
5942950
5943339
5943740
5944503
5948859
5949674
5949914
5950834
5951510
5952136
5954425
5955117
5956685
5957240
5958627
5960019
5960830
5965450
5965545
5966722
5967226
5968326
5970211
5970308
5971060
5971997
5974465
5975323
5975699
5977489
5978915
5979493
5980499
5981187
5984046
5984384
5984793
5985055
5985533
5988619
5989715
5990837
5992428
5994875
5995515
5998098
5998310
5998671
5999103
6004193
6004382
6004761
6007045
6007775
6009656
6010241
6011746
6012894
6013352
6014197
6014760
6015266
6016864
6018090
6019506
6019730
6022957
6023004
6023086
6024586
6025635
